#1-sta 2-avgThroughput 3-stdThroughput 4-JFI 5-stdJFI 6-Bandwidth 7-avgDelay 8-stdDelay 9-avgBackoffStage 10-stdBackoffStage 11-totalFractionOfCollisionSlots 12.stdCollidingSlots 13.avgThroughputDCF 14. stdThroughputDCF 15.avgThroughputECA 16.stdThroughputECA 17.Sum of 15 and 16 18. std of 17 19. AvgBlockingProb 20. StdBlockingProb 21. AvgDroppedPackets 22.StdDropped 23.SxSlots 24.stdSxSlots 25.ColSlots 26.StdColSlots 27.EmptySlots 28.stdEmpty 29.totalSlots 30.stdTotalSlots 31.averageTAU 32.stdTAU
2 2.00161e+06 11212.8 0.999968 4.52671e-05 1e+06 0.000278257 4.56029e-07 0 0 4.61715e-06 7.70301e-07 1.0008e+06 5606.09 0 0 2.0016e+06 11210.8 0 0 0 0 24433.7 136.882 27.1633 4.53263 5.85863e+06 2181.79 5.88309e+06 2046.16 0.00208123 1.22878e-05
3 2.99892e+06 12122.7 0.999938 6.76422e-05 1e+06 0.000285702 6.88733e-07 0 0 2.039e-05 1.84326e-06 999638 4041.4 0 0 2.99891e+06 12124.7 0 0 0 0 36607.9 147.98 116.204 10.49 5.66241e+06 2419.83 5.69914e+06 2268.57 0.00215474 9.92613e-06
4 3.99868e+06 16008.6 0.999937 4.47142e-05 1e+06 0.000294893 7.08005e-07 0 0 5.43104e-05 2.8258e-06 999667 4002.17 0 0 3.99867e+06 16009.2 0 0 0 0 48812 195.419 299.429 15.5327 5.46422e+06 3184.53 5.51333e+06 2985.64 0.00224062 1.04684e-05
5 5.0008e+06 20715.2 0.999936 4.77054e-05 1e+06 0.000305875 8.79637e-07 0 0 0.000113116 4.93056e-06 1.00016e+06 4143.43 0 0 5.0008e+06 20715.3 0 0 0 0 61045 252.877 602.367 26.0586 5.26364e+06 4208.2 5.32529e+06 3946.39 0.00233824 1.20765e-05
6 6.0007e+06 22613.3 0.999929 5.00698e-05 1e+06 0.00031939 1.03015e-06 0.0136054 0.0659548 0.000208621 7.38915e-06 1.00011e+06 3769.27 0 0 6.00068e+06 22616 0 0 0 0 73250.7 276.045 1071.29 37.4111 5.06085e+06 4726.57 5.13517e+06 4431.49 0.0024478 1.24507e-05
7 7.00156e+06 22872.4 0.999929 4.35724e-05 1e+06 0.000335175 1.1886e-06 0.00874635 0.0605965 0.000347333 1.04335e-05 1.00022e+06 3267.12 0 0 7.00155e+06 22872.5 0 0 0 0 85468.2 279.197 1716.57 50.6218 4.85504e+06 4894.31 4.94223e+06 4587.34 0.00257134 1.21857e-05
8 8.00172e+06 23912.5 0.999928 3.69413e-05 1e+06 0.000354756 1.3928e-06 0.00255102 0.017674 0.000549739 1.19179e-05 1.00021e+06 2988.92 0 0 8.0017e+06 23908.5 0 0 0 0 97677.2 291.903 2608.88 55.5189 4.64542e+06 4947.76 4.74571e+06 4637.92 0.00271312 1.15006e-05
9 9.00254e+06 26917.2 0.999927 3.11573e-05 1e+06 0.00037821 1.91461e-06 0.0113379 0.0462496 0.000825143 1.70682e-05 1.00028e+06 2989.88 0 0 9.00251e+06 26911.6 0 0 0 0 109894 328.577 3750.51 75.7534 4.43169e+06 5614.5 4.54533e+06 5264.88 0.00287454 1.26922e-05
10 1.00026e+07 29219.2 0.999923 2.73182e-05 1e+06 0.000406268 2.38135e-06 0.0163265 0.0680544 0.00119729 2.53082e-05 1.00026e+06 2921.4 0 0 1.00026e+07 29214 0 0 0 0 122102 356.659 5196.73 104.906 4.21322e+06 6635.92 4.34052e+06 6222.71 0.00306008 1.57022e-05
11 1.1003e+07 29037.2 0.99993 3.26705e-05 1e+06 0.000440306 2.477e-06 0.0204081 0.0643225 0.00168881 2.73792e-05 1.00027e+06 2639.29 0 0 1.10029e+07 29034.8 0 0 0 0 134314 354.454 6975.78 106.642 3.98937e+06 6527.86 4.13066e+06 6120.54 0.00327453 1.55258e-05
12 1.20032e+07 28369.7 0.999929 3.54495e-05 1e+06 0.000482517 3.36864e-06 0.0221088 0.0918682 0.00234271 3.54358e-05 1.00026e+06 2365.49 0 0 1.20031e+07 28380.1 0 0 0 0 146523 346.386 9170.59 126.967 3.75891e+06 6899.73 3.9146e+06 6468.35 0.00352617 1.73897e-05
13 1.30017e+07 30873.3 0.999929 3.08477e-05 1e+06 0.000534935 3.87676e-06 0.0156986 0.0490941 0.00319091 3.79232e-05 1.00013e+06 2374.8 0 0 1.30017e+07 30877 0 0 0.00156986 0.0108763 158712 376.832 11782.5 123.092 3.52209e+06 7327.97 3.69258e+06 6870.01 0.00382086 1.89418e-05
14 1.40015e+07 32778.1 0.999925 3.14691e-05 1e+06 0.000601329 5.41549e-06 0.0306122 0.0612245 0.00431289 6.42465e-05 1.00011e+06 2341.15 0 0 1.40015e+07 32779.1 0 0 0 0 170917 400.076 14931.9 190.348 3.27642e+06 8891.87 3.46227e+06 8336.38 0.00417524 2.55532e-05
15 1.50024e+07 35035.2 0.999923 2.41581e-05 1e+06 0.000688123 7.52196e-06 0.0299319 0.078606 0.00578141 7.79798e-05 1.00016e+06 2335.54 0 0 1.50024e+07 35022.6 0 0 0.00272109 0.013191 183135 427.705 18635.4 208.112 3.02167e+06 9297.45 3.22344e+06 8717.09 0.00460444 2.87174e-05
16 1.60006e+07 36464.1 0.999931 2.47566e-05 1e+06 0.000808805 1.18048e-05 0.057398 0.163096 0.00778781 0.000122136 1.00004e+06 2278.29 0 0 1.60006e+07 36454.8 0 0 0.00637755 0.0189189 195320 445.073 23151.4 288.781 2.75446e+06 10993.3 2.97293e+06 10306.3 0.0051438 3.89426e-05
17 1.69987e+07 36264.6 0.999926 2.89262e-05 1e+06 0.000975991 1.47392e-05 0.0504202 0.133928 0.0104917 0.000150339 999919 2133 0 0 1.69986e+07 36256.4 0 0 0.0228091 0.0372342 207503 442.692 28439.9 303.994 2.47492e+06 11176.1 2.71086e+06 10478.1 0.00582598 4.50218e-05
18 1.79998e+07 36846 0.999927 2.67719e-05 1e+06 0.00123834 1.98861e-05 0.103175 0.15873 0.0143797 0.00019092 999985 2046.87 0 0 1.79997e+07 36846.5 0 0 0.069161 0.0588915 219724 449.775 34941 318.699 2.17537e+06 11449.4 2.43003e+06 10733.1 0.0067466 5.43105e-05
19 1.89994e+07 38327.3 0.999926 2.50181e-05 1e+06 0.00169373 3.97717e-05 0.0966702 0.162081 0.0202389 0.00030608 999968 2016.47 0 0 1.89994e+07 38328.3 0 0 0.215897 0.143939 231927 467.858 43020.2 405.482 1.85085e+06 13256.7 2.1258e+06 12429.2 0.00805532 8.00715e-05
20 1.99966e+07 39227.9 0.999928 2.38287e-05 1e+06 0.00263555 8.46473e-05 0.228571 0.31053 0.029909 0.000550713 999826 1961.1 0 0 1.99965e+07 39224.9 0 0 0.92551 0.200795 244099 478.767 53438.1 557.676 1.48942e+06 15563.3 1.78695e+06 14590.5 0.0100994 0.000128694
21 2.09894e+07 38749.2 0.999921 2.51874e-05 1e+06 0.00583361 0.00047292 0.474247 0.441701 0.0498965 0.00143818 999492 1844.96 0 0 2.09893e+07 38747.4 0 0 4.94655 0.794821 256218 473.042 68665.5 952.304 1.05187e+06 21963.9 1.37675e+06 20590.4 0.0140963 0.000301316
22 2.07475e+07 22422.4 0.999592 0.000108256 1e+06 2.27862 0.132734 2.65492 0.298972 0.165348 0.00157561 943066 1019.24 0 0 2.07474e+07 22424.6 0.00051546 0.000554733 112.537 2.33938 253265 273.765 116448 462.498 334588 4524.26 704302 4241.5 0.0332466 0.00025647
23 2.05699e+07 13159 0.999397 0.000143905 1e+06 4.57607 0.0912833 2.71162 0.30589 0.173462 0.000528252 894343 572.716 0 0 2.05699e+07 13172.4 0.0194456 0.00168948 120.507 1.95623 251098 160.716 119602 172.412 318806 1595.28 689506 1495.59 0.0328494 8.67413e-05
24 2.04267e+07 18200.4 0.99939 0.000143701 1e+06 6.05605 0.0661155 2.67007 0.332678 0.178876 0.000458325 851109 758.224 0 0 2.04266e+07 18201.1 0.0581787 0.00179626 126.412 1.77194 249349 222.109 121890 212.323 310186 1284.2 681425 1203.94 0.0321082 6.56205e-05
25 2.02915e+07 16899.6 0.99934 0.000178802 1e+06 7.02601 0.04922 2.75347 0.334795 0.183745 0.000314802 811657 676.15 0 0 2.02914e+07 16897.6 0.0968885 0.00167185 130.739 2.04611 247699 206.273 123984 174.408 303080 1090.9 674763 1022.63 0.0313549 5.3016e-05
26 2.01582e+07 14499.2 0.999336 0.000182838 1e+06 7.76474 0.0310295 2.74176 0.285397 0.188525 0.000278625 775315 557.904 0 0 2.01582e+07 14502.6 0.132568 0.00154143 134.808 1.56189 246072 177.009 126028 146.633 296396 986.049 668497 924.556 0.0306459 4.77978e-05
27 2.0044e+07 14802.2 0.99926 0.00020089 1e+06 8.3692 0.0214769 2.80952 0.28951 0.192943 0.000326835 742370 548.053 0 0 2.0044e+07 14796.3 0.165001 0.00139074 139.07 1.7911 244678 180.698 127823 168.796 289990 830.977 662491 779.037 0.029972 4.19308e-05
28 1.9916e+07 14994.1 0.999295 0.000161978 1e+06 8.9295 0.0255469 2.84767 0.234668 0.19732 0.000383005 711283 536.412 0 0 1.99159e+07 15017.1 0.195614 0.00163121 143.687 1.51284 243115 183.117 129724 185.237 284590 765.5 657429 717.66 0.0293086 4.02029e-05
29 1.97975e+07 14100 0.999216 0.000209599 1e+06 9.43837 0.0238929 2.84307 0.266926 0.201606 0.000353297 682671 486.091 0 0 1.97975e+07 14101 0.223767 0.0014739 147.84 1.94114 241669 172.137 131510 154.868 279136 985.269 652316 923.734 0.0286997 4.76971e-05
30 1.9678e+07 11594.4 0.999282 0.000228032 1e+06 9.9264 0.0187577 2.8415 0.298107 0.205988 0.000330788 655932 386.234 0 0 1.9678e+07 11586.3 0.250221 0.00132297 151.077 1.61834 240210 141.602 133312 122.214 273662 973.015 647183 912.15 0.0281356 4.5651e-05
31 1.95698e+07 15294.3 0.999205 0.000199818 1e+06 10.392 0.0217965 2.93483 0.290395 0.21015 0.000414905 631283 493.404 0 0 1.95698e+07 15291.3 0.274523 0.00124548 154.481 1.63586 238889 186.766 134963 173.358 268370 1047.69 642222 982.217 0.0275966 4.59454e-05
32 1.94584e+07 16141.7 0.999253 0.000173302 1e+06 10.8425 0.01818 2.84566 0.283713 0.214152 0.000329588 608072 504.414 0 0 1.94583e+07 16143.1 0.297333 0.00126994 157.887 1.46004 237529 197.039 136611 175.567 263777 860.315 637916 806.589 0.0270686 3.92457e-05
33 1.93507e+07 12851.3 0.999217 0.000166085 1e+06 11.2821 0.0155503 2.87075 0.249343 0.218166 0.000289758 586383 389.15 0 0 1.93506e+07 12843.8 0.318652 0.00118502 161.55 1.63952 236214 156.85 138217 144.346 259109 677.342 633540 635 0.0265762 3.11927e-05
34 1.92427e+07 15716.3 0.999201 0.000206749 1e+06 11.7151 0.0165959 2.94238 0.257571 0.222039 0.000369365 565959 462.055 0 0 1.92426e+07 15710.9 0.338811 0.00111683 164.704 1.39781 234896 191.849 139798 178.601 254915 827.084 629609 775.406 0.0260968 3.88994e-05
35 1.91386e+07 16131.6 0.999176 0.000204986 1e+06 12.1408 0.0179867 2.97318 0.314334 0.226012 0.000352793 546815 460.54 0 0 1.91385e+07 16116.2 0.357642 0.00112413 167.918 1.56372 233625 196.965 141349 181.685 250430 779.38 625404 730.682 0.0256605 3.61169e-05
36 1.90385e+07 15681.9 0.999079 0.000228866 1e+06 12.5589 0.0157435 3.01077 0.286035 0.229704 0.000423002 528846 435.374 0 0 1.90384e+07 15678.6 0.375301 0.00103438 171.126 1.73814 232403 191.438 142815 188.237 246518 796.139 621736 746.437 0.0252228 3.964e-05
37 1.89371e+07 13923.9 0.999126 0.00022501 1e+06 12.977 0.0156869 2.97849 0.267497 0.233499 0.000346118 511812 376.42 0 0 1.8937e+07 13923.6 0.392107 0.000987366 173.728 1.4528 231165 170.056 144302 161.091 242532 699.836 617999 656.058 0.0248146 2.78755e-05
38 1.8835e+07 16233.3 0.999126 0.000181164 1e+06 13.3908 0.0160916 3.04887 0.250049 0.237086 0.000376637 495655 427.2 0 0 1.88349e+07 16235.3 0.407992 0.000942062 176.915 1.33761 229919 198.187 145761 182.319 239125 813.01 614805 762.124 0.0244111 3.59431e-05
39 1.87357e+07 14622.6 0.999128 0.000207811 1e+06 13.7995 0.0152897 3.00785 0.325501 0.240837 0.000369267 480401 375.002 0 0 1.87357e+07 14631.9 0.422992 0.000850031 179.71 1.55028 228707 178.511 147210 171.436 235328 684.311 611246 641.547 0.0240391 2.94481e-05
40 1.86412e+07 16166.9 0.999069 0.000185484 1e+06 14.2043 0.0170825 3.04592 0.268326 0.244378 0.000389597 466029 404.368 0 0 1.86412e+07 16174.6 0.437104 0.000982714 183.154 1.36951 227554 197.359 148580 182.177 231861 812.076 607996 761.293 0.023679 3.21871e-05
41 1.85456e+07 16851.1 0.99909 0.000205024 1e+06 14.6076 0.0165072 3.05525 0.25778 0.248006 0.000350218 452330 411.001 0 0 1.85455e+07 16847.7 0.450614 0.0008476 185.448 1.51569 226386 205.72 149968 189.511 228340 690.71 604694 647.491 0.0233369 2.59737e-05
42 1.84561e+07 16250.7 0.998993 0.000174606 1e+06 15.0068 0.0154222 3.09427 0.207118 0.251425 0.000395644 439429 386.925 0 0 1.8456e+07 16250.6 0.463278 0.000837755 188.247 1.37834 225294 198.411 151265 183.812 225072 790.414 601631 740.948 0.0230011 3.24922e-05
43 1.83591e+07 14656.3 0.998998 0.000222217 1e+06 15.4083 0.0173184 3.13289 0.241178 0.255047 0.000338088 426956 340.918 0 0 1.83591e+07 14665.6 0.475571 0.000861587 190.588 1.43611 224111 178.931 152654 167.23 221769 629.374 598534 590.103 0.0226896 2.71743e-05
44 1.82743e+07 12929 0.998964 0.000208743 1e+06 15.8023 0.0167384 3.08859 0.210776 0.258332 0.000378345 415323 293.479 0 0 1.82742e+07 12913.3 0.48699 0.000741507 193.156 1.51567 223074 157.79 153881 155.32 218717 635.528 595673 595.77 0.0223785 2.71272e-05
45 1.81834e+07 13466.9 0.99902 0.000218887 1e+06 16.1962 0.0169951 3.09977 0.214567 0.261666 0.000302818 404074 299.452 0 0 1.81833e+07 13474 0.498046 0.000763175 195.466 1.21715 221965 164.412 155169 143.982 215870 693.362 593004 650.034 0.0220765 2.7609e-05
46 1.80945e+07 13498.3 0.999014 0.000181031 1e+06 16.59 0.0145925 3.08429 0.219802 0.264956 0.000372846 393358 293.154 0 0 1.80945e+07 13487.5 0.508569 0.000660178 197.952 1.26764 220881 164.694 156427 161.547 213081 585.067 590389 548.484 0.0217861 2.48597e-05
47 1.80075e+07 15334.5 0.999028 0.000236391 1e+06 16.9769 0.0171541 3.14546 0.177875 0.26828 0.000361386 383138 326.322 0 0 1.80075e+07 15340.7 0.518568 0.000613339 200.494 1.24052 219818 187.215 157669 163.444 210216 811.558 587703 760.828 0.0215086 2.87397e-05
48 1.79204e+07 18165 0.998944 0.000164744 1e+06 17.3684 0.0181887 3.09439 0.233517 0.271615 0.000428014 373341 378.463 0 0 1.79204e+07 18158.7 0.528225 0.000610599 202.385 1.39068 218755 221.792 158909 209.464 207389 707.718 585053 663.459 0.0212501 2.63397e-05
49 1.78363e+07 12204.5 0.998937 0.000190343 1e+06 17.7567 0.0140231 3.14286 0.256262 0.274893 0.000344496 364004 249.121 0 0 1.78362e+07 12198.3 0.537378 0.000681468 204.517 1.24644 217728 148.983 160110 140.786 204607 605.694 582445 567.829 0.0209949 2.5467e-05
50 1.77525e+07 17110.9 0.998967 0.000217779 1e+06 18.1396 0.0192606 3.06204 0.188062 0.278036 0.000396703 355048 341.998 0 0 1.77524e+07 17099.9 0.546153 0.000608753 206.798 1.1807 216705 208.846 161289 187.443 202108 794.518 580102 744.865 0.0207465 2.87913e-05
51 1.76704e+07 15206.8 0.998926 0.000192765 1e+06 18.5209 0.0169282 3.16967 0.206811 0.281092 0.000418381 346477 298.315 0 0 1.76703e+07 15216.5 0.554549 0.000641847 208.98 1.21854 215703 185.666 162439 175.335 199744 712.21 577886 667.64 0.0204974 2.72352e-05
52 1.75844e+07 15470.1 0.998859 0.000281137 1e+06 18.9083 0.0201285 3.24176 0.193677 0.284346 0.000415059 338161 297.451 0 0 1.75844e+07 15482.6 0.562705 0.000645178 210.925 1.05648 214653 188.762 163646 179.285 197219 673.728 575518 631.604 0.0202658 2.41304e-05
53 1.75028e+07 13414.9 0.998875 0.000251342 1e+06 19.2867 0.0182292 3.14671 0.210009 0.287335 0.000341644 330240 253.059 0 0 1.75027e+07 13410.4 0.570418 0.000653746 213.519 1.24279 213657 163.766 164779 151.776 195038 594.593 573474 557.428 0.0200316 2.37754e-05
54 1.74255e+07 17141.3 0.998886 0.000228319 1e+06 19.6604 0.0152952 3.18065 0.201251 0.290422 0.000391051 322694 317.369 0 0 1.74255e+07 17145.5 0.577812 0.000564775 215.203 1.31213 212714 209.186 165876 190.521 192566 711.106 571156 666.65 0.0198226 2.7431e-05
55 1.73468e+07 14603.4 0.998873 0.000220229 1e+06 20.0336 0.0166865 3.1885 0.252274 0.293411 0.00033605 315396 265.797 0 0 1.73468e+07 14608.8 0.584929 0.000608203 217.397 1.20669 211753 178.373 166975 169.318 190355 484.675 569083 454.441 0.019606 1.77808e-05
56 1.72702e+07 15067.4 0.998876 0.000217375 1e+06 20.4086 0.0177455 3.19679 0.202304 0.296366 0.000416856 308395 269.379 0 0 1.72701e+07 15075.1 0.591793 0.00055706 218.995 1.25257 210818 184.037 168048 173.782 188163 666.448 567029 624.824 0.0193977 2.4584e-05
57 1.71905e+07 13812.9 0.99885 0.000215218 1e+06 20.7838 0.0198331 3.16183 0.247404 0.299428 0.000382587 301587 242.457 0 0 1.71904e+07 13818.3 0.598439 0.00058916 220.834 1.10854 209845 168.615 169160 157.315 185940 632.608 564944 593.087 0.0192009 2.15408e-05
58 1.71133e+07 15244.4 0.998798 0.000280567 1e+06 21.1544 0.0178535 3.19247 0.186424 0.302396 0.000314744 295056 262.82 0 0 1.71133e+07 15247.6 0.604819 0.000498262 222.587 1.13277 208903 186.134 170234 163.578 183814 642.513 562951 602.387 0.0190064 2.38789e-05
59 1.70402e+07 15727.4 0.998838 0.000179964 1e+06 21.5185 0.0200674 3.2193 0.187691 0.305258 0.000404308 288816 266.525 0 0 1.70402e+07 15730.1 0.610872 0.000521382 224.689 1.32903 208010 192.004 171255 174.107 181754 715.325 561020 670.62 0.0188164 2.43511e-05
60 1.69644e+07 17063.6 0.998762 0.000256239 1e+06 21.8849 0.0179058 3.21361 0.196098 0.308191 0.00035778 282739 284.365 0 0 1.69643e+07 17061.2 0.616824 0.000497707 226.346 1.24127 207085 208.283 172309 186.59 179704 664.67 559098 623.152 0.0186331 2.36401e-05
61 1.68909e+07 13276 0.998787 0.000209968 1e+06 22.2469 0.0186826 3.25125 0.181053 0.311027 0.000443325 276900 217.785 0 0 1.68909e+07 13278.8 0.622508 0.000453217 228.168 1.27474 206188 162.041 173327 158.669 177759 629.047 557275 589.755 0.0184542 2.41309e-05
62 1.68199e+07 12305.6 0.998736 0.000205786 1e+06 22.6066 0.0189238 3.24095 0.211314 0.313763 0.000372718 271288 198.67 0 0 1.68199e+07 12317.7 0.627987 0.000415389 229.753 1.11865 205321 150.228 174310 146.677 175915 501.58 555546 470.301 0.0182763 1.97131e-05
63 1.67446e+07 15302.5 0.998767 0.000204177 1e+06 22.9671 0.0192442 3.22384 0.204666 0.316732 0.000527075 265787 243.06 0 0 1.67446e+07 15312.8 0.633339 0.000481126 231.597 1.14089 204402 186.74 175356 179.807 173884 779.75 553642 731.056 0.0181143 2.66596e-05
64 1.66735e+07 17524.1 0.998632 0.000251661 1e+06 23.3256 0.0226588 3.24585 0.165685 0.319603 0.000369608 260523 273.737 0 0 1.66734e+07 17527.1 0.638471 0.00045513 233.24 1.09977 203534 213.877 176348 198.53 171891 547.006 551773 512.803 0.0179524 1.82231e-05
65 1.66021e+07 14560.7 0.998759 0.000236832 1e+06 23.6803 0.0213215 3.2876 0.188428 0.322291 0.000378659 255417 223.907 0 0 1.66021e+07 14556.8 0.643472 0.00045628 234.393 1.2672 202663 177.718 177324 165.46 170211 573.833 550199 537.918 0.0177909 1.92404e-05
66 1.65305e+07 11495.5 0.998664 0.000224602 1e+06 24.0335 0.0192834 3.22511 0.219225 0.324992 0.000388521 250462 174.325 0 0 1.65305e+07 11503.7 0.648258 0.000439247 236.463 1.27014 201789 140.335 178303 132.298 168547 587.925 548639 551.229 0.0176312 2.0163e-05
67 1.64591e+07 15158.5 0.998682 0.000263513 1e+06 24.3889 0.0244913 3.22875 0.206468 0.327794 0.000492667 245658 226.277 0 0 1.64591e+07 15167.4 0.652954 0.000468604 237.831 1.26522 200917 185.074 179287 183.038 166747 612.172 546951 573.883 0.0174806 1.99905e-05
68 1.63908e+07 14073 0.998643 0.000272003 1e+06 24.7374 0.0211977 3.28842 0.204329 0.330576 0.000350287 241041 207.027 0 0 1.63908e+07 14076.5 0.657442 0.000415054 239.335 0.946102 200083 171.77 180236 158.426 164899 536.54 545218 503.004 0.0173356 1.70249e-05
69 1.63249e+07 13763 0.99868 0.000204322 1e+06 25.0782 0.0206644 3.26679 0.193776 0.333175 0.000459327 236592 199.46 0 0 1.63249e+07 13762.5 0.661783 0.000410751 240.681 1.02973 199279 168.007 181143 160.288 163265 649.19 543687 608.602 0.0171905 2.19604e-05
70 1.6253e+07 15434 0.998697 0.000208594 1e+06 25.4281 0.0210594 3.26268 0.168385 0.335982 0.000321035 232186 220.479 0 0 1.6253e+07 15431.9 0.666053 0.000398623 242.363 1.13992 198401 188.44 182128 165.322 161547 609.591 542075 571.45 0.0170482 1.89589e-05
