#1-sta 2-avgThroughput 3-stdThroughput 4-JFI 5-stdJFI 6-Bandwidth 7-avgDelay 8-stdDelay 9-avgBackoffStage 10-stdBackoffStage 11-totalFractionOfCollisionSlots 12.stdCollidingSlots 13.avgThroughputDCF 14. stdThroughputDCF 15.avgThroughputECA 16.stdThroughputECA 17.Sum of 15 and 16 18. std of 17 19. AvgBlockingProb 20. StdBlockingProb 21. AvgDroppedPackets 22.StdDropped 23.SxSlots 24.stdSxSlots 25.ColSlots 26.StdColSlots 27.EmptySlots 28.stdEmpty 29.totalSlots 30.stdTotalSlots 31.averageTAU 32.stdTAU
2 2.40115e+07 8091.84 1 0 6.5e+07 0.679393 0.000224492 0.153061 0.230441 0.0116562 3.4797e-05 1.20057e+07 4048.5 0 0 2.40114e+07 8105.47 0.814033 0.000150544 0 0 293109 98.7975 18388.3 61.387 1.26605e+06 599.353 1.57755e+06 561.35 0.104556 2.96405e-05
3 2.43307e+07 2148.55 0.999979 4.39862e-06 6.5e+07 1.0041 9.89356e-05 1.46259 0.41957 0.02523 1.70671e-05 8.1102e+06 713.742 0 0 2.43306e+07 2150.79 0.873956 7.44905e-05 0.0136054 0.0659548 297005 26.2056 32852.8 10.3714 972278 543.961 1.30214e+06 509.007 0.0931494 4.95575e-05
4 2.42189e+07 4980.33 0.999986 6.89738e-06 6.5e+07 1.34263 0.000301806 1.32653 0.752893 0.0382281 6.52438e-05 6.05471e+06 1246.51 0 0 2.42188e+07 4980.42 0.905579 5.66181e-05 4.30102 0.755895 295641 60.8117 44107 48.7306 814039 1070.99 1.15379e+06 1004.4 0.0837883 9.00915e-05
5 2.39849e+07 12335.4 0.999915 3.91601e-05 6.5e+07 1.69174 0.000887778 0.881633 0.431265 0.0502461 0.000163828 4.79696e+06 2464.94 0 0 2.39848e+07 12329 0.924928 5.23724e-05 8.78776 1.27289 292784 150.511 53241.7 122.72 713598 2006.99 1.05962e+06 1881.85 0.076209 0.000165339
6 2.37307e+07 16722.7 0.999894 6.80292e-05 6.5e+07 2.04773 0.00144919 1.0034 0.438367 0.0610804 0.000191966 3.95511e+06 2787.77 0 0 2.37306e+07 16722 0.937867 5.38994e-05 15.0136 1.60598 289682 204.17 60716.2 170.025 643642 1674.6 994040 1569.85 0.0699772 0.000130166
7 2.34788e+07 15258.7 0.999854 7.77639e-05 6.5e+07 2.40961 0.00166014 1.40233 0.385788 0.0710005 0.000219355 3.35411e+06 2181.71 0 0 2.34788e+07 15266.6 0.947106 3.85247e-05 21.9504 1.73446 286607 186.24 67077.2 152.756 591062 1919.82 944747 1799.76 0.0648207 0.000142938
8 2.32285e+07 16529.8 0.999809 9.40726e-05 6.5e+07 2.7775 0.00199558 1.5102 0.392725 0.0802233 0.000232581 2.90355e+06 2066.81 0 0 2.32284e+07 16535.1 0.954029 3.69445e-05 29.3622 1.52848 283551 201.872 72700.9 176.611 549982 1546.4 906234 1449.79 0.0604862 0.000114877
9 2.29888e+07 16576.2 0.999799 8.83893e-05 6.5e+07 3.15009 0.00229868 1.70975 0.474503 0.088824 0.00024729 2.5543e+06 1840.91 0 0 2.29887e+07 16577 0.959393 3.01486e-05 36.7506 1.91748 280625 202.307 77714 180.643 516585 1440.59 874923 1350.49 0.0567989 0.000104141
10 2.27624e+07 14854.3 0.999768 0.000105449 6.5e+07 3.52631 0.00236141 1.73673 0.377799 0.096831 0.000259785 2.27624e+06 1486.18 0 0 2.27624e+07 14861.8 0.963662 2.56149e-05 45.0041 2.00865 277862 181.305 82207 161.672 488909 1524.31 848977 1429 0.0536002 0.00011152
11 2.25507e+07 13874.1 0.999744 0.000112597 6.5e+07 3.90561 0.00255892 2.04453 0.455888 0.104354 0.000274726 2.05006e+06 1260.64 0 0 2.25506e+07 13873.1 0.967133 2.12454e-05 52.1818 1.62229 275277 169.267 86273.9 164.841 465195 1307.07 826746 1225.35 0.0508184 8.95781e-05
12 2.23436e+07 15191.5 0.999747 0.000115801 6.5e+07 4.28911 0.00294018 2.05612 0.442366 0.111637 0.000250378 1.86196e+06 1266.44 0 0 2.23435e+07 15184.9 0.970018 2.19917e-05 59.0119 1.62281 272748 185.449 90108.4 159.915 444300 1310.17 807157 1228.24 0.0483945 8.63051e-05
13 2.21449e+07 17343.9 0.999668 0.000136292 6.5e+07 4.67606 0.00377194 2.2135 0.359886 0.11848 0.000262187 1.70345e+06 1335.06 0 0 2.21448e+07 17342.8 0.972448 2.01213e-05 66.3564 1.92001 270324 211.663 93649.1 181.403 426447 1271.56 790419 1192.14 0.0462226 7.80431e-05
14 2.19581e+07 15407.9 0.999629 0.000130398 6.5e+07 5.06471 0.00373256 2.27259 0.380072 0.125073 0.000293114 1.56843e+06 1100.84 0 0 2.1958e+07 15412.2 0.974517 1.77937e-05 73.2609 2.17074 268043 188.064 96948.8 163.101 410147 1404.01 775139 1316.32 0.0442948 8.72883e-05
15 2.17786e+07 14946.3 0.99958 0.000142685 6.5e+07 5.45631 0.0038884 2.25714 0.355329 0.131362 0.000318219 1.4519e+06 996.932 0 0 2.17785e+07 14943.5 0.976301 1.6159e-05 79.8925 2.00153 265852 182.407 100043 159.485 395690 1460.71 761585 1369.38 0.0425522 8.87742e-05
16 2.16017e+07 16682.8 0.999581 0.00014808 6.5e+07 5.85064 0.00434175 2.3176 0.373901 0.137414 0.000301848 1.3501e+06 1043.71 0 0 2.16017e+07 16684.4 0.97786 1.62032e-05 85.4617 1.93587 263693 203.68 103002 187.226 382882 1092.54 749578 1024.32 0.0409628 6.60671e-05
17 2.1442e+07 13761.2 0.999569 0.000152723 6.5e+07 6.2442 0.00434281 2.41657 0.330165 0.143184 0.00027201 1.26129e+06 810.335 0 0 2.14419e+07 13769 0.979219 1.34636e-05 91.7311 1.8397 261743 167.965 105707 155.819 370813 962.404 738262 902.237 0.0395283 5.57493e-05
18 2.1279e+07 15514.8 0.999475 0.000170262 6.5e+07 6.64324 0.00501723 2.45692 0.30579 0.148903 0.000278595 1.18217e+06 861.546 0 0 2.1279e+07 15512.5 0.98043 1.28874e-05 96.61 1.82768 259754 189.373 108387 162.906 359763 1120.93 727904 1050.9 0.0382237 6.06546e-05
19 2.11202e+07 14182.1 0.999448 0.000160014 6.5e+07 7.04353 0.00545669 2.49194 0.285032 0.154428 0.000370467 1.11159e+06 745.71 0 0 2.11202e+07 14183 0.981508 1.24356e-05 102.337 1.97062 257815 173.124 110953 175.919 349712 1120.62 718481 1050.66 0.0370191 6.78797e-05
20 2.09741e+07 17707.1 0.999433 0.000187075 6.5e+07 7.44281 0.00549975 2.54184 0.29784 0.159677 0.000318694 1.0487e+06 886.154 0 0 2.0974e+07 17722 0.982469 1.305e-05 107.574 1.96729 256031 216.181 113322 162.288 340348 1524.4 709702 1429.15 0.0359026 7.8832e-05
21 2.08257e+07 14679.3 0.999447 0.000195501 6.5e+07 7.84534 0.00557157 2.55005 0.308316 0.164749 0.000333431 991696 699.495 0 0 2.08256e+07 14683.4 0.98334 1.15853e-05 112.869 2.03022 254220 179.268 115649 170.351 332105 999.208 701974 936.737 0.034852 5.49878e-05
22 2.06884e+07 17116.9 0.999418 0.000177488 6.5e+07 8.24624 0.0069624 2.56494 0.269304 0.169815 0.000409642 940380 778.63 0 0 2.06884e+07 17130.1 0.984123 1.26691e-05 117.909 1.79977 252544 208.977 117855 204.765 323622 1109.02 694022 1039.66 0.0339148 6.03251e-05
23 2.05482e+07 14795.7 0.999414 0.000172738 6.5e+07 8.65222 0.0065668 2.63265 0.349713 0.17479 0.000365375 893399 643.24 0 0 2.05482e+07 14791.9 0.984841 1.0186e-05 121.906 1.76046 250833 180.627 120047 177.866 315929 957.144 686809 897.301 0.0330311 4.99055e-05
24 2.0415e+07 12600.4 0.999369 0.000181232 6.5e+07 9.05645 0.00587966 2.7483 0.259452 0.179532 0.000371511 850622 524.532 0 0 2.04149e+07 12587.9 0.985492 8.85874e-06 126.994 1.45375 249206 153.776 122115 155.331 308867 995.706 680188 933.512 0.0321949 5.18672e-05
25 2.02848e+07 15962.7 0.999375 0.000155621 6.5e+07 9.46195 0.00767463 2.71265 0.282343 0.18414 0.000361807 811392 638.707 0 0 2.02848e+07 15963.7 0.98609 1.01225e-05 131.547 1.75507 247618 194.881 124115 184.031 302293 954.39 674025 894.746 0.0314079 4.9524e-05
26 2.01586e+07 13387.7 0.999348 0.000182157 6.5e+07 9.86852 0.00683337 2.70016 0.232461 0.188769 0.000294835 775329 514.277 0 0 2.01586e+07 13379.2 0.98664 8.84849e-06 135.487 1.90221 246077 163.351 126068 145.43 295696 887.498 667841 832.074 0.0306846 4.34613e-05
27 2.00324e+07 15080 0.999296 0.000174042 6.5e+07 10.277 0.00749026 2.80877 0.2615 0.193229 0.000368093 741937 558.403 0 0 2.00323e+07 15082 0.987148 8.93994e-06 139.625 1.74962 244536 184.006 127978 171.431 289797 986.549 662310 924.846 0.0299932 5.07988e-05
28 1.99132e+07 14974.8 0.999261 0.00018983 6.5e+07 10.6835 0.00778929 2.82507 0.286283 0.197603 0.000354321 711185 534.358 0 0 1.99132e+07 14960.3 0.987616 8.62326e-06 144.039 1.85338 243082 182.737 129796 167.648 283975 953.312 656852 893.726 0.0293465 4.5253e-05
29 1.97903e+07 16056.1 0.999229 0.000186925 6.5e+07 11.0939 0.00896174 2.82618 0.274359 0.201854 0.000388404 682421 553.754 0 0 1.97902e+07 16065.1 0.988054 9.25717e-06 147.966 1.82413 241580 195.982 131617 183.386 278845 970.915 652043 910.177 0.028719 4.53169e-05
30 1.96828e+07 12911.3 0.999225 0.000223447 6.5e+07 11.4981 0.0079711 2.84626 0.254467 0.206035 0.000307017 656092 430.402 0 0 1.96828e+07 12904 0.988455 6.89947e-06 151.216 1.52584 240269 157.663 133274 143.776 273312 800.237 646856 750.203 0.0281523 3.81397e-05
31 1.95659e+07 15159.7 0.999215 0.000238356 6.5e+07 11.9074 0.00914964 2.88348 0.222616 0.210104 0.000411339 631155 489.1 0 0 1.95658e+07 15160.9 0.988834 8.27832e-06 155.024 1.54078 238841 185.079 134993 180.194 268672 916.814 642505 859.549 0.0275862 4.09106e-05
32 1.9454e+07 14019.4 0.999194 0.000200881 6.5e+07 12.3173 0.00882728 2.88265 0.264377 0.21425 0.000343733 607934 438.415 0 0 1.94539e+07 14028.9 0.989187 6.90659e-06 158.268 1.40123 237475 171.17 136667 162.61 263743 762.249 637885 714.565 0.0270769 3.799e-05
33 1.93492e+07 14936.7 0.999207 0.000211406 6.5e+07 12.722 0.0100825 2.92641 0.258728 0.218222 0.000380161 586338 452.415 0 0 1.93492e+07 14937.2 0.989515 7.4866e-06 161.797 1.57565 236196 182.276 138239 170.694 259045 879.574 633480 824.616 0.0265846 4.19492e-05
34 1.92418e+07 15335.8 0.999221 0.00014758 6.5e+07 13.1315 0.0104577 2.88355 0.273977 0.222167 0.000326296 565934 451.093 0 0 1.92418e+07 15335.3 0.989825 7.08443e-06 164.557 1.55778 234885 187.238 139824 165.611 254656 843.437 629365 790.735 0.0261131 3.68701e-05
35 1.91305e+07 18978.5 0.999152 0.000211161 6.5e+07 13.5438 0.0121868 2.94811 0.260118 0.226087 0.000404223 546583 542.302 0 0 1.91304e+07 18985.9 0.990119 8.42978e-06 167.973 1.33465 233526 231.685 141436 214.822 250620 862.484 625581 808.556 0.0256565 3.81335e-05
36 1.90319e+07 14423.4 0.999134 0.000224245 6.5e+07 13.9478 0.0113689 3 0.293114 0.229818 0.000404011 528663 400.642 0 0 1.90319e+07 14424.5 0.99039 6.59522e-06 171.215 1.55408 232323 176.022 142893 172.468 246551 791.945 621767 742.458 0.0252264 3.54281e-05
37 1.89311e+07 15801.1 0.99916 0.000198548 6.5e+07 14.3556 0.0114538 2.99559 0.269129 0.233597 0.000329011 511650 426.961 0 0 1.89311e+07 15799.7 0.990648 6.80495e-06 174.103 1.76666 231092 192.869 144372 171.337 242575 799.557 618040 749.574 0.024819 3.28453e-05
38 1.88333e+07 16207.1 0.999137 0.000229681 6.5e+07 14.7615 0.0111825 3.05156 0.232108 0.237227 0.000391425 495613 426.828 0 0 1.88333e+07 16217.1 0.990891 6.97929e-06 177.221 1.65583 229899 197.892 145796 194.738 238889 619.378 614584 580.602 0.0244218 2.93564e-05
39 1.87344e+07 18703.8 0.999064 0.000223226 6.5e+07 15.1685 0.0139508 3.06332 0.238636 0.240809 0.000394716 480369 479.492 0 0 1.87344e+07 18696.9 0.991122 7.33076e-06 180.075 1.36758 228692 228.353 147219 209.92 235441 815.96 611351 765.018 0.0240396 3.58231e-05
40 1.86401e+07 13645.7 0.999034 0.000224146 6.5e+07 15.5731 0.0127635 3.01531 0.233038 0.244475 0.000380169 466002 341.167 0 0 1.86401e+07 13642.5 0.991339 5.91133e-06 182.96 1.59598 227541 166.588 148603 150.657 231704 857.959 607848 804.317 0.023686 3.57525e-05
41 1.85447e+07 16710.2 0.999055 0.00022261 6.5e+07 15.9785 0.0132071 3.08711 0.24029 0.247935 0.000446449 452309 407.692 0 0 1.85447e+07 16718.2 0.991547 6.52417e-06 185.421 1.43064 226376 203.994 149967 196.079 228522 821.556 604865 770.249 0.0233299 3.33973e-05
42 1.84513e+07 18237.6 0.999072 0.000185214 6.5e+07 16.384 0.0145545 3.04422 0.224953 0.25145 0.000337781 439316 434.254 0 0 1.84513e+07 18238.7 0.991744 6.56109e-06 187.945 1.31655 225236 222.591 151314 192.45 225216 855.155 601765 801.728 0.023002 3.31686e-05
43 1.83605e+07 14127.8 0.99906 0.000218437 6.5e+07 16.7857 0.0133172 3.10536 0.236656 0.254973 0.000409074 426986 328.302 0 0 1.83604e+07 14115.4 0.99193 5.73959e-06 190.342 1.31194 224127 172.469 152632 167.066 221864 735.69 598623 689.677 0.0226838 3.00698e-05
44 1.82674e+07 15911.5 0.998959 0.000235257 6.5e+07 17.1919 0.0149239 2.99861 0.215287 0.25831 0.000393877 415166 361.6 0 0 1.82673e+07 15910 0.992108 6.05603e-06 193.417 1.59465 222990 194.251 153945 179.941 219037 767.798 595973 719.783 0.0223682 2.99149e-05
45 1.81789e+07 12278.3 0.999032 0.000177511 6.5e+07 17.5934 0.0130048 3.06621 0.244527 0.261817 0.000416749 403976 272.863 0 0 1.81789e+07 12282.3 0.992278 4.87392e-06 195.466 1.24784 221911 149.934 155230 144.814 215755 781.271 592896 732.494 0.0220837 3.0016e-05
46 1.8091e+07 14804.2 0.999 0.000208536 6.5e+07 17.9929 0.0131371 3.15084 0.246984 0.265037 0.000371646 393281 322.065 0 0 1.80909e+07 14813.8 0.992439 4.81788e-06 197.927 1.44328 220837 180.735 156472 158.354 213069 830.248 590377 778.242 0.021787 3.05294e-05
47 1.80089e+07 15197 0.998993 0.000202037 6.5e+07 18.3912 0.0144556 3.08945 0.219519 0.268286 0.000285384 383167 323.233 0 0 1.80089e+07 15190.5 0.992592 5.32579e-06 199.983 1.42174 219835 185.523 157656 163.383 210151 641.268 587642 601.181 0.0215146 2.65676e-05
48 1.79157e+07 16020.7 0.99896 0.000212588 6.5e+07 18.7958 0.0142258 3.20238 0.204774 0.271633 0.000417999 373242 333.619 0 0 1.79156e+07 16013.9 0.992742 5.203e-06 202.526 1.44916 218697 195.496 158957 189.99 207538 632.16 585193 592.595 0.0212462 2.58816e-05
49 1.78348e+07 13203.6 0.998927 0.000220794 6.5e+07 19.1899 0.0136235 3.11454 0.24009 0.274711 0.000431394 363975 269.355 0 0 1.78348e+07 13196.7 0.992882 4.34718e-06 204.735 1.42345 217710 161.103 160103 158.465 204992 711.026 582806 666.61 0.020981 2.84692e-05
50 1.77469e+07 14697.5 0.998915 0.000219105 6.5e+07 19.5894 0.013931 3.1502 0.229075 0.278003 0.000362481 354937 294.103 0 0 1.77469e+07 14700.5 0.993018 4.55143e-06 207.09 1.32653 216637 179.468 161340 167.666 202377 628.899 580354 589.625 0.0207359 2.45918e-05
51 1.76679e+07 13418.9 0.998916 0.000189833 6.5e+07 19.9826 0.0132623 3.17247 0.246879 0.281172 0.000397425 346428 263.296 0 0 1.76678e+07 13423 0.993146 4.33807e-06 208.867 1.07091 215672 163.865 162472 155.787 199696 676.171 577841 633.818 0.0204974 2.37438e-05
52 1.75859e+07 16686.5 0.998921 0.000185944 6.5e+07 20.3777 0.0181181 3.1719 0.229733 0.284331 0.000348939 338190 320.837 0 0 1.75859e+07 16686.6 0.993271 4.68224e-06 210.914 1.29085 214672 203.676 163629 185.517 197188 641.54 575489 601.398 0.02027 2.37013e-05
53 1.7505e+07 14263.4 0.998931 0.000202661 6.5e+07 20.7688 0.0144712 3.17482 0.23519 0.287385 0.000396988 330282 269.163 0 0 1.7505e+07 14264.5 0.993389 3.83315e-06 213.296 1.45561 213684 174.094 164762 160.557 194870 714.09 573316 669.495 0.0200396 2.5197e-05
54 1.74257e+07 13598.8 0.998871 0.000223916 6.5e+07 21.1591 0.015053 3.18594 0.213974 0.290395 0.00037964 322697 251.819 0 0 1.74256e+07 13592.2 0.993503 4.30569e-06 215.464 1.24597 212716 166.07 165872 148.489 192607 734.296 571195 688.481 0.0198182 2.72492e-05
55 1.7346e+07 16086.4 0.998893 0.000213271 6.5e+07 21.5529 0.0161428 3.10278 0.193696 0.293539 0.000263887 315382 292.436 0 0 1.7346e+07 16087.4 0.993614 4.10625e-06 217.239 1.11687 211744 196.397 166996 174.904 190168 539.806 568908 506.068 0.0196128 1.92992e-05
56 1.72642e+07 16375.5 0.99883 0.000213565 6.5e+07 21.9436 0.0168705 3.23287 0.232716 0.296471 0.000459556 308288 292.37 0 0 1.72641e+07 16375.4 0.99372 4.78501e-06 219.343 1.37051 210744 199.882 168118 194.767 188203 640.962 567066 600.869 0.0194011 2.44113e-05
57 1.719e+07 15775.4 0.99882 0.000208529 6.5e+07 22.3276 0.0159197 3.22306 0.175796 0.299492 0.000356493 301578 276.998 0 0 1.71899e+07 15776.6 0.993821 3.70328e-06 221.04 1.30982 209839 192.611 169171 180.274 185851 546.588 564861 512.446 0.0192054 1.90054e-05
58 1.71125e+07 14301.4 0.998818 0.000220641 6.5e+07 22.7169 0.0176595 3.23012 0.217183 0.302456 0.000375824 295042 246.729 0 0 1.71124e+07 14304.7 0.99392 3.88721e-06 222.65 1.24372 208892 174.644 170249 163.015 183747 605.233 562888 567.382 0.0190099 2.18701e-05
59 1.70422e+07 13849.9 0.998822 0.000217163 6.5e+07 23.0931 0.0168886 3.16672 0.231696 0.305203 0.000405691 288850 234.685 0 0 1.70421e+07 13851.7 0.994013 3.94865e-06 224.569 1.32871 208034 168.991 171230 166.93 181774 522.625 561038 489.941 0.0188167 1.84307e-05
60 1.69653e+07 14443.4 0.998755 0.000237076 6.5e+07 23.4776 0.0171386 3.25816 0.164755 0.308144 0.00039186 282754 240.725 0 0 1.69653e+07 14440.8 0.994104 3.76607e-06 226.401 1.15016 207096 176.286 172295 164.036 179748 631.121 559140 591.68 0.0186312 2.20872e-05
61 1.68893e+07 14888.3 0.998736 0.000267191 6.5e+07 23.8617 0.0199394 3.17799 0.180617 0.311112 0.000412146 276874 244.027 0 0 1.68893e+07 14896.1 0.994193 4.10077e-06 227.929 1.04655 206169 181.711 173352 175.513 177681 559.071 557201 524.138 0.0184585 2.08756e-05
62 1.68163e+07 16262.9 0.998752 0.000222291 6.5e+07 24.2389 0.0196012 3.22317 0.198005 0.313954 0.000402224 271230 262.104 0 0 1.68162e+07 16256.6 0.994277 3.90623e-06 229.939 1.12618 205277 198.456 174365 186.682 175742 590.516 555384 553.58 0.0182852 2.07275e-05
63 1.6745e+07 14213.2 0.998764 0.000194959 6.5e+07 24.6109 0.0166315 3.21704 0.200534 0.316625 0.000380622 265793 225.602 0 0 1.6745e+07 14209.5 0.994358 3.66359e-06 231.871 1.4344 204407 173.447 175342 166.294 174035 515.038 553783 482.856 0.0181112 1.73821e-05
64 1.66686e+07 14699.6 0.998741 0.000182898 6.5e+07 24.9926 0.018983 3.28189 0.224749 0.319641 0.000340249 260447 229.439 0 0 1.66686e+07 14689.8 0.994439 3.27969e-06 233.144 1.07169 203475 179.431 176401 159.238 171998 627.731 551873 588.498 0.0179525 2.04761e-05
65 1.65993e+07 14570.1 0.998707 0.000214793 6.5e+07 25.3685 0.0169678 3.22575 0.223731 0.322376 0.000387448 255374 224.241 0 0 1.65993e+07 14573.9 0.994515 3.65893e-06 234.452 1.35821 202629 177.959 177361 165.7 170179 589.428 550168 552.604 0.0177897 1.951e-05
66 1.65336e+07 15105.1 0.998726 0.000206403 6.5e+07 25.7319 0.0189187 3.2752 0.205327 0.325069 0.00045433 250508 228.866 0 0 1.65336e+07 15107.2 0.994588 3.41384e-06 236.224 1.23763 201826 184.355 178279 178.582 168330 601.099 548435 563.511 0.0176366 2.20314e-05
67 1.64569e+07 11628.5 0.998722 0.000251102 6.5e+07 26.1077 0.0152119 3.24002 0.209582 0.327938 0.000371978 245625 173.545 0 0 1.64569e+07 11630.6 0.994661 2.62386e-06 237.872 0.984671 200890 142.005 179323 130.642 166607 590.313 546819 553.418 0.0174857 1.88101e-05
68 1.63954e+07 16972.5 0.998686 0.000194258 6.5e+07 26.4688 0.0217631 3.2524 0.196141 0.330558 0.000338101 241108 249.501 0 0 1.63953e+07 16961.9 0.994729 3.60018e-06 239.108 1.09055 200139 207.114 180188 188.683 164776 547.692 545103 513.516 0.0173395 1.77292e-05
69 1.63235e+07 14776.5 0.998704 0.000228428 6.5e+07 26.8358 0.0178635 3.28719 0.227906 0.333162 0.00043159 236572 214.261 0 0 1.63235e+07 14779.4 0.994796 3.43403e-06 240.792 1.0801 199262 180.418 181156 164.492 163330 687.801 543747 644.822 0.0171859 2.27235e-05
70 1.62528e+07 12209.7 0.99868 0.00025341 6.5e+07 27.2026 0.0159587 3.2895 0.200286 0.335884 0.000420484 232183 174.408 0 0 1.62528e+07 12211.9 0.994862 2.91744e-06 242.487 1.36385 198399 149.018 182121 142.319 161695 591.631 542215 554.628 0.0170469 2.16116e-05
