#1-sta 2-avgThroughput 3-stdThroughput 4-JFI 5-stdJFI 6-Bandwidth 7-avgDelay 8-stdDelay 9-avgBackoffStage 10-stdBackoffStage 11-totalFractionOfCollisionSlots 12.stdCollidingSlots 13.avgThroughputDCF 14. stdThroughputDCF 15.avgThroughputECA 16.stdThroughputECA 17.Sum of 15 and 16 18. std of 17 19. AvgBlockingProb 20. StdBlockingProb 21. AvgDroppedPackets 22.StdDropped 23.SxSlots 24.stdSxSlots 25.ColSlots 26.StdColSlots 27.EmptySlots 28.stdEmpty 29.totalSlots 30.stdTotalSlots 31.averageTAU 32.stdTAU
2 2.0015e+06 11219.2 0.999968 4.52671e-05 1e+06 0.000277795 4.73499e-07 0 0 4.36388e-06 9.32895e-07 0 0 1.0008e+06 5606.09 2.0016e+06 11210.8 0 0 0 0 24428.1 137.196 25.6735 5.48983 5.85871e+06 2186.94 5.88316e+06 2049.69 0.00208047 1.23343e-05
3 2.99843e+06 12107.1 0.999938 6.76422e-05 1e+06 0.000284915 6.56067e-07 0 0 1.91105e-05 1.79098e-06 0 0 999638 4041.4 2.99891e+06 12124.7 0 0 0 0 36583.3 147.128 108.918 10.1977 5.66277e+06 2391.42 5.69946e+06 2241.97 0.00215233 9.70968e-06
4 3.99741e+06 16020.2 0.999937 4.47142e-05 1e+06 0.000293818 6.97194e-07 0 0 5.22859e-05 2.8964e-06 0 0 999667 4002.17 3.99867e+06 16009.2 0 0 0 0 48743.2 195.91 288.306 15.9248 5.46505e+06 3188.88 5.51408e+06 2989.06 0.00223618 1.04839e-05
5 4.99828e+06 20707.8 0.999936 4.77054e-05 1e+06 0.000304231 9.4458e-07 0 0 0.000108774 5.72707e-06 0 0 1.00016e+06 4143.43 5.0008e+06 20715.3 0 0 0 0 60905.6 251.114 579.408 30.3543 5.26533e+06 4175.05 5.32681e+06 3914.95 0.00233059 1.19151e-05
6 5.99603e+06 22624.2 0.999929 5.00548e-05 1e+06 0.000316986 9.95213e-07 0.00680271 0.0471306 0.000201343 6.86938e-06 0 0 1.00011e+06 3769.51 6.00069e+06 22617 0 0 0 0 72990 270.077 1034.47 34.8221 5.06389e+06 4633.22 5.13791e+06 4345.69 0.0024356 1.19999e-05
7 6.99389e+06 22776.9 0.999929 4.35724e-05 1e+06 0.000331876 1.22513e-06 0 0 0.000336605 1.03836e-05 0 0 1.00022e+06 3266.72 7.00155e+06 22869.5 0 0 0 0 85033.3 277.014 1665.04 50.704 4.85994e+06 4724.78 4.94664e+06 4431.11 0.00255343 1.15173e-05
8 7.99062e+06 23904.4 0.999928 3.69115e-05 1e+06 0.000350073 1.36526e-06 0.00765306 0.0391895 0.000531494 1.2408e-05 0 0 1.00021e+06 2988.97 8.0017e+06 23908.9 0 0 0 0 96997.3 291.782 2525.92 58.1507 4.653e+06 4870.04 4.75252e+06 4567.26 0.00268683 1.1181e-05
9 8.9864e+06 26559.1 0.999927 3.11573e-05 1e+06 0.000371158 1.5362e-06 0.00907029 0.0439698 0.000793452 1.5185e-05 0 0 1.00028e+06 2990.77 9.00251e+06 26918.8 0 0 0 0 108880 311.204 3614.61 67.1361 4.44311e+06 5503.32 4.5556e+06 5168.3 0.00283648 1.222e-05
10 9.98041e+06 28832.8 0.999923 2.73182e-05 1e+06 0.000396661 2.05064e-06 0.0163265 0.0583688 0.00114992 2.35714e-05 0 0 1.00026e+06 2921.06 1.00026e+07 29210.6 0 0 0 0 120632 341.986 5007.94 98.2843 4.22948e+06 6372.75 4.35512e+06 5983.63 0.00300708 1.46156e-05
11 1.09737e+07 28799.1 0.99993 3.27002e-05 1e+06 0.000426433 2.29798e-06 0.0315399 0.112547 0.00160899 2.46788e-05 0 0 1.00027e+06 2639.86 1.10029e+07 29042.5 0 0 0 0 132280 338.79 6679.12 97.5455 4.01223e+06 6128.55 4.15119e+06 5757.48 0.00320024 1.38825e-05
12 1.19646e+07 27600.8 0.999929 3.54495e-05 1e+06 0.00046272 2.95066e-06 0.0204082 0.0663483 0.00221623 3.79599e-05 0 0 1.00026e+06 2365.33 1.20031e+07 28381.8 0 0 0 0 143744 310.085 8737.88 138.503 3.79028e+06 6722.52 3.94276e+06 6322.39 0.00342314 1.65757e-05
13 1.29537e+07 30690.2 0.999929 3.08375e-05 1e+06 0.000506228 2.97978e-06 0.0235479 0.0681036 0.00299009 3.53707e-05 0 0 1.00013e+06 2375.09 1.30017e+07 30879.9 0 0 0 0 154985 322.634 11154.4 117.292 3.56438e+06 6826.73 3.73052e+06 6435.05 0.00367795 1.64838e-05
14 1.3941e+07 32301.4 0.999925 3.14691e-05 1e+06 0.000558467 3.80637e-06 0.0291545 0.0627669 0.0039854 4.829e-05 0 0 1.00011e+06 2342.06 1.40015e+07 32791.6 0 0 0 0 165996 343.252 14001.8 147.053 3.33334e+06 7518 3.51334e+06 7079.91 0.00397491 1.98091e-05
15 1.49271e+07 34395.5 0.999923 2.41014e-05 1e+06 0.000623694 4.77833e-06 0.0176871 0.0534955 0.00525838 6.84146e-05 0 0 1.00016e+06 2334.46 1.50024e+07 35014.2 0 0 0.0095238 0.0503952 176693 361.034 17305.9 191.815 3.09719e+06 8303.1 3.29119e+06 7829.24 0.00432264 2.32271e-05
16 1.59099e+07 35265.6 0.999931 2.47611e-05 1e+06 0.000705762 5.92324e-06 0.0318878 0.0748323 0.00690385 7.89179e-05 0 0 1.00004e+06 2277.55 1.60006e+07 36441.6 0 0 0.0216837 0.106808 186925 364.087 21151.7 194.194 2.85576e+06 8538.05 3.06384e+06 8054.23 0.00473404 2.63684e-05
17 1.68902e+07 35084.2 0.999926 2.89528e-05 1e+06 0.000809624 7.30063e-06 0.0348139 0.0760199 0.00900316 0.000112206 0 0 999920 2132.72 1.69986e+07 36249 0 0 0.0288115 0.101623 196634 338.293 25496.3 245.899 2.6099e+06 9249.63 2.83203e+06 8740.35 0.00522162 3.18722e-05
18 1.78714e+07 36103.7 0.999927 2.67691e-05 1e+06 0.000944894 9.08766e-06 0.047619 0.0925548 0.0117541 0.000134972 0 0 999991 2046.55 1.79998e+07 36836.6 0 0 0.0362812 0.131157 205700 327.732 30486.8 258.146 2.35763e+06 9236.59 2.59382e+06 8750.36 0.00581725 3.60886e-05
19 1.8848e+07 36428 0.999926 2.50403e-05 1e+06 0.00113064 1.28031e-05 0.0977443 0.16161 0.0154036 0.000185139 0 0 999975 2021.52 1.89995e+07 38395.5 0 0 0.161117 0.25793 213732 269.47 36200.8 298.215 2.10033e+06 9841.08 2.35026e+06 9371.77 0.00655134 4.45829e-05
20 1.98206e+07 38105.7 0.999928 2.40474e-05 1e+06 0.0013821 1.72635e-05 0.12551 0.157183 0.0201869 0.000210987 0 0 999881 1968.68 1.99976e+07 39376.8 0 0 0.378571 0.312821 220540 320.85 42481.9 278.443 1.8415e+06 9373.4 2.10452e+06 8931.4 0.00745424 4.91349e-05
21 2.07938e+07 38108.7 0.999921 2.53965e-05 1e+06 0.00173931 2.42505e-05 0.185617 0.232539 0.0266071 0.000313997 0 0 999829 1878.5 2.09964e+07 39452.4 0 0 1.38192 0.890844 225677 279.895 49399.7 332.406 1.58167e+06 10286.5 1.85675e+06 9863.64 0.0085902 6.72582e-05
22 2.17569e+07 38554.4 0.999919 2.44018e-05 1e+06 0.0022562 3.21441e-05 0.220779 0.254658 0.0351138 0.000423598 0 0 999563 1811.75 2.19904e+07 39849.6 0 0 3.74026 1.05774 228582 288.422 56670.9 355.347 1.32878e+06 10028.2 1.61403e+06 9650.23 0.00999971 8.33172e-05
23 2.27137e+07 38190.4 0.999916 2.81725e-05 1e+06 0.00301564 4.91352e-05 0.360248 0.264687 0.0464112 0.000589932 0 0 999005 1685.86 2.29771e+07 38791.4 0 0 10.1544 2.30658 228755 375.415 64075 392.08 1.08788e+06 9627.11 1.38071e+06 9430.71 0.0117525 0.000102434
24 2.36512e+07 40921.9 0.999914 2.4989e-05 1e+06 0.00411887 6.48111e-05 0.443877 0.317385 0.0607622 0.000720169 0 0 997758 1708.36 2.39462e+07 40997.8 0 0 25.2883 3.56422 225613 374.482 70979.4 342.068 871659 8737.18 1.16825e+06 8662.42 0.0138191 0.000120403
25 2.45588e+07 38535.7 0.999914 2.17768e-05 1e+06 0.00566996 9.04701e-05 0.70449 0.386027 0.0777508 0.000874201 0 0 995272 1601.53 2.48818e+07 40034.3 0 0 56.4433 5.85072 219229 515.075 76700 311.297 690638 7329.89 986568 7477.37 0.0160665 0.000133626
26 2.54117e+07 40758.5 0.999914 2.71251e-05 1e+06 0.00772227 0.000115452 0.813972 0.323229 0.0955049 0.000828471 0 0 990794 1637.33 2.57606e+07 42565.7 0 0 110.384 7.81586 210137 559.578 80550.5 204.515 552780 5599.4 843467 5838.04 0.018171 0.000126857
27 2.62066e+07 43149.2 0.999903 2.64902e-05 1e+06 0.0103144 0.000159029 1.07256 0.343627 0.112111 0.000801171 0 0 984271 1607.67 2.65753e+07 43403.1 0 0 189.872 11.0772 199356 643.882 82443.7 181.567 453608 4218.11 735408 4693.57 0.0198695 0.00011276
28 2.69395e+07 49278.3 0.99988 3.37442e-05 1e+06 0.0133266 0.000216569 1.33455 0.341089 0.126157 0.000758747 0 0 975851 1737.9 2.73238e+07 48658.2 0 0 292.855 10.8377 188051 782.325 82666.6 208.674 384572 3195.01 655289 3820.29 0.0210406 9.36717e-05
29 2.76528e+07 41579.2 0.999873 3.3952e-05 1e+06 0.0168951 0.000247636 1.42927 0.342502 0.137968 0.000624676 0 0 967205 1464.5 2.80489e+07 42464 0 0 397.747 15.2574 176516 665.395 81596.7 231.619 333316 2500.76 591429 3080.13 0.0218116 8.1233e-05
30 2.83276e+07 64286.2 0.999863 3.69049e-05 1e+06 0.0208981 0.000359738 1.57823 0.360369 0.147595 0.000495712 0 0 957699 2172.33 2.8731e+07 65170.7 0 0 513.824 17.9496 165439 809.273 79671.2 265.335 294695 2274.76 539805 3161.12 0.0222434 6.79246e-05
31 2.90084e+07 47828.8 0.999829 3.92905e-05 1e+06 0.0255212 0.000385036 1.85978 0.306343 0.155923 0.000511531 0 0 948873 1553.25 2.94151e+07 48154.7 0 0 620.458 16.2438 154730 823.152 77068.8 286.123 262483 1793.35 494281 2635.86 0.0225007 6.25654e-05
32 2.96964e+07 68205.7 0.999814 4.72171e-05 1e+06 0.0310804 0.000684675 2.03508 0.349564 0.162813 0.000526463 0 0 940722 2124.08 3.01031e+07 67970 0 0 717.717 17.5667 144124 941.503 73870.7 453.77 235726 1969.68 453721 3176.92 0.0225685 5.99866e-05
33 3.04805e+07 77138.3 0.999804 4.09226e-05 1e+06 0.0382267 0.000760893 2.16698 0.239086 0.168204 0.000579695 0 0 935821 2335.99 3.08821e+07 77092.3 0 0 776.484 18.0765 133676 917.481 69971.1 429.532 212346 1560.92 415992 2670.59 0.022482 5.90307e-05
34 3.13285e+07 82022.4 0.999773 5.97886e-05 1e+06 0.0479031 0.00118313 2.41597 0.330574 0.171961 0.000609151 0 0 932906 2387.84 3.17188e+07 81183.5 0 0 811.028 21.2714 122861 918.99 65226.7 562.812 191221 1533.94 379309 2821.41 0.0222432 5.80937e-05
35 3.23219e+07 96596.6 0.999783 5.55463e-05 1e+06 0.0615411 0.00201788 2.65306 0.257823 0.173739 0.000800959 0 0 933992 2717.33 3.26897e+07 95111.4 0 0 795.454 24.1444 112063 1117.93 59840.7 709.111 172520 1556.03 344424 3201.99 0.0218164 7.11923e-05
36 3.34483e+07 109732 0.999779 4.843e-05 1e+06 0.0813805 0.00283036 2.77834 0.245871 0.172416 0.000897619 0 0 938577 2981.4 3.37888e+07 107333 0 0 737.446 27.4773 101302 1074.07 53714.3 734.568 156512 1405.43 311529 3033.52 0.0211254 8.87684e-05
37 3.47643e+07 123037 0.999799 5.12473e-05 1e+06 0.109833 0.00517739 3.07446 0.23419 0.168331 0.00121228 0 0 947757 3222.97 3.5067e+07 119247 0 0 621.21 29.4098 91275.2 1235.05 47404.1 862.12 142914 1416.97 281593 3346.4 0.020217 0.000111073
38 3.61558e+07 124694 0.99982 3.80133e-05 1e+06 0.147536 0.00651159 3.27014 0.22144 0.161224 0.00154084 0 0 958400 3153.93 3.64192e+07 119856 0 0 487.109 28.5874 81805.4 1280.75 40994.1 895.35 131441 1256.97 254240 3298.8 0.0190658 0.000148884
39 3.75172e+07 112729 0.999829 3.80203e-05 1e+06 0.197617 0.00963363 3.42282 0.25605 0.152119 0.00204369 0 0 967723 2781.09 3.77412e+07 108467 0 0 365.793 27.1244 73958.5 1201.36 35342.9 927.81 122998 1111.79 232299 3092.28 0.0177976 0.000179931
40 3.87976e+07 108894 0.999849 3.21631e-05 1e+06 0.250349 0.0109485 3.63367 0.22301 0.143687 0.00190006 0 0 974781 2616.93 3.89912e+07 104680 0 0 274.879 21.7591 68041.3 982.753 31017.8 747.462 116783 939.286 215842 2528.34 0.0166413 0.000160505
41 4.00203e+07 97913.9 0.999855 3.45223e-05 1e+06 0.315813 0.0166923 3.77651 0.193393 0.133486 0.00212371 0 0 980083 2307.54 4.01834e+07 94609.9 0 0 201.438 19.8324 62490 912.58 26814.8 749.266 111539 1047.67 200843 2553.86 0.0154087 0.000164967
42 4.1174e+07 80751.8 0.999851 3.34649e-05 1e+06 0.384521 0.0224754 3.9344 0.223743 0.124683 0.00220785 0 0 983664 1857.65 4.13139e+07 78029.4 0 0 147.999 13.3305 58284.5 934.184 23607.4 673.871 107412 777.73 189304 2187.42 0.0143553 0.000186551
43 4.22843e+07 89330.9 0.999868 2.49348e-05 1e+06 0.464549 0.0275868 4.08828 0.169075 0.115434 0.00252646 0 0 986110 2010.25 4.24027e+07 86445.1 0 0 108.907 13.1988 54512.3 846.248 20700.8 688.896 104073 776.788 179286 2170.14 0.013333 0.000181987
44 4.33384e+07 77492 0.999858 3.3557e-05 1e+06 0.556354 0.0353769 4.20965 0.156873 0.106233 0.00251483 0 0 987258 1738.61 4.34393e+07 76491.5 0 0 81.0478 9.96483 51113.7 828.732 18055 612.179 100747 779.488 169916 1905.39 0.0123853 0.00019104
45 4.43775e+07 66133.9 0.999845 3.64173e-05 1e+06 0.647595 0.042819 4.26531 0.162582 0.0972342 0.00265959 0 0 988054 1451.92 4.44624e+07 65337.9 0 0 59.7742 8.38785 48073.4 871.992 15752.6 611.968 98130.9 676.371 161957 1954.26 0.0114953 0.0001971
46 4.5367e+07 76485.6 0.99984 4.16652e-05 1e+06 0.746584 0.0523402 4.38288 0.143114 0.0898612 0.00277044 0 0 987817 1657.39 4.54396e+07 76238.8 0 0 46.7981 6.88414 45766.2 827.872 14000.6 583.442 95983.6 574.972 155750 1773.86 0.0107712 0.000197197
47 4.63336e+07 78952.9 0.999825 4.36536e-05 1e+06 0.854746 0.0551583 4.47243 0.158695 0.0818666 0.00263118 0 0 987140 1660.3 4.63956e+07 78031 3.72807e-06 2.30105e-05 36.5332 5.14072 43351.1 781.661 12222.1 520.89 93670.4 552.219 149244 1641.24 0.0100441 0.000181203
48 4.72985e+07 96577.2 0.999816 4.22017e-05 1e+06 0.953916 0.0611621 4.52253 0.111346 0.0747602 0.00280821 0 0 986472 1989.05 4.73507e+07 95486 6.64614e-07 4.14337e-06 28.0021 6.32346 41347.6 775.847 10756.4 520.946 91716.9 536.655 143821 1609.12 0.00941211 0.000187134
49 4.82446e+07 103019 0.999778 7.41186e-05 1e+06 1.07613 0.0678432 4.57101 0.117018 0.0664779 0.00210721 0 0 985454 2087.39 4.82873e+07 102282 2.1284e-05 6.65181e-05 22.4906 4.07844 39007.8 584.415 9187.12 371.004 89966.6 548.002 138162 1274.53 0.00871136 0.000140147
50 4.91976e+07 113929 0.999772 7.29207e-05 1e+06 1.18105 0.0814804 4.64122 0.111202 0.0603117 0.00226082 0 0 984666 2261.83 4.92333e+07 113095 4.91798e-05 0.000125113 18.5498 3.4453 37319.1 620.334 8061.1 373.515 88233.2 493.2 133613 1265.35 0.00818945 0.000144888
51 5.01202e+07 95876.7 0.99975 6.57976e-05 1e+06 1.30196 0.0793555 4.72109 0.105052 0.0533679 0.00187398 0 0 983319 1881.55 5.01493e+07 95962.9 6.20052e-05 0.000132217 15.2233 3.23097 35499.7 562.387 6879.37 296.515 86489.6 409.569 128869 1085.75 0.00764444 0.000124511
52 5.10227e+07 136693 0.99973 7.20651e-05 1e+06 1.3974 0.0869175 4.74882 0.0744698 0.0475926 0.0020788 0 0 981673 2612.14 5.1047e+07 135835 0.00011859 0.000239876 12.1327 2.30101 33907.7 580.59 5941.27 312.462 84939.9 532.733 124789 1189.5 0.00717717 0.000130539
53 5.19632e+07 114779 0.999727 6.20365e-05 1e+06 1.49381 0.0874827 4.77898 0.0814889 0.0418168 0.00162832 0 0 980793 2159.6 5.1982e+07 114463 4.75633e-05 0.0001149 11.4594 2.8342 32380.6 462.147 5050.41 238.321 83305.1 541.629 120736 1063.22 0.00673543 9.67754e-05
54 5.28825e+07 119767 0.999717 6.65578e-05 1e+06 1.56079 0.099503 4.83787 0.068327 0.036248 0.00149498 0 0 979591 2217.08 5.28979e+07 119718 7.54963e-05 0.000135567 9.26228 2.13584 30969.6 469.913 4242.63 201.52 81802.3 346.538 117014 796.424 0.00632138 0.000100786
55 5.38199e+07 131293 0.999712 7.37894e-05 1e+06 1.64673 0.111433 4.84453 0.0748358 0.0304547 0.00155058 0 0 978754 2383.87 5.38315e+07 131115 9.63557e-05 0.000180225 8.67532 1.70868 29454.7 457.048 3448.69 200.046 80297.1 441.093 113200 829.774 0.00590031 9.85454e-05
56 5.47304e+07 123979 0.999728 4.99219e-05 1e+06 1.70993 0.101155 4.89541 0.0587281 0.0257967 0.00110917 0 0 977488 2208.84 5.47393e+07 123693 3.76194e-05 8.80312e-05 8.19716 2.33443 28293.2 341.916 2835.45 135.716 78763.9 409.875 109892 605.626 0.0055718 7.27102e-05
57 5.56913e+07 145479 0.999765 4.38204e-05 1e+06 1.73237 0.119158 4.90512 0.0580141 0.0206447 0.00129079 0 0 977148 2546.2 5.56975e+07 145138 1.67606e-05 4.41155e-05 7.87361 1.76791 27183.9 358.443 2200.65 149.738 77177.6 363.118 106562 606.389 0.00524377 8.07199e-05
58 5.66896e+07 130226 0.99981 4.57225e-05 1e+06 1.72517 0.124288 4.92153 0.0452917 0.0154092 0.00112371 0 0 977473 2238.16 5.66934e+07 129811 1.21791e-05 4.54105e-05 7.08797 1.88473 26127.9 327.376 1591.92 123.229 75555.5 394.265 103275 501.721 0.00493094 6.93628e-05
59 5.76226e+07 127820 0.999882 2.65457e-05 1e+06 1.741 0.113146 4.95053 0.0329936 0.0106651 0.00103193 0 0 976683 2159.84 5.76243e+07 127435 2.12057e-06 1.46917e-05 6.84884 1.90695 25163.2 353.741 1069.88 107.54 74049.1 417.532 100282 374.622 0.00464888 7.05771e-05
60 5.82429e+07 109773 0.999933 2.06293e-05 1e+06 1.96644 0.136334 4.95748 0.0330021 0.00725457 0.000606348 0 0 970722 1830.2 5.82433e+07 109807 0 0 6.56905 1.86527 24906.5 1110.12 708.939 60.8023 72091 1254.28 97706.5 247.251 0.00452341 0.000194809
61 5.84471e+07 111834 0.999959 1.21946e-05 1e+06 2.50539 0.131753 4.9371 0.0407448 0.00597029 0.000607474 0 0 958146 1832.02 5.84469e+07 111757 5.65135e-07 3.91537e-06 6.16995 1.83522 25047.1 1428.31 571.796 59.3457 70136.6 1595.45 95755.5 238.937 0.00451463 0.000251199
62 5.85438e+07 99238.2 0.999966 1.07394e-05 1e+06 3.13896 0.122765 4.93055 0.0355754 0.00530754 0.000510708 0 0 944249 1600.05 5.85434e+07 99200.1 6.03252e-05 8.72937e-05 5.57801 1.59487 25175.1 1277.93 499.245 48.7331 68376.9 1402.57 94051.2 183.879 0.00451738 0.000225851
63 5.86297e+07 88106.6 0.999972 7.89379e-06 1e+06 3.77244 0.113605 4.93456 0.0353666 0.00506053 0.000463191 0 0 930623 1399.2 5.86292e+07 88140.3 0.000667356 0.000343019 6.21607 1.93547 24874.6 1179.05 468.408 43.6587 67204.2 1327.95 92547.3 204.812 0.00445624 0.000206598
64 5.86812e+07 67853.7 0.999974 7.08115e-06 1e+06 4.42293 0.0798719 4.93304 0.0372167 0.00485817 0.000337555 0 0 916883 1059.22 5.86805e+07 67786.6 0.00506125 0.00102047 5.85268 1.35342 24812 1121.9 442.531 31.2933 65827.4 1246.09 91082 164.137 0.00443695 0.000196961
65 5.86983e+07 76602.6 0.999974 8.12686e-06 1e+06 5.03754 0.0826352 4.92465 0.0343666 0.00469092 0.000357041 0 0 903036 1177.79 5.86974e+07 76552 0.0160651 0.00145167 5.88634 1.3165 24993.6 1071.59 420.551 32.4201 64231 1179.03 89645.2 148.29 0.00446142 0.000190308
66 5.86902e+07 85532.2 0.999974 6.46268e-06 1e+06 5.56014 0.0613438 4.90724 0.0440017 0.00457549 0.000417945 0 0 889230 1296.56 5.86892e+07 85568.1 0.0296109 0.00153013 5.32406 1.70804 25585.5 1495.11 403.714 37.4863 62231.9 1663.74 88221.2 206.494 0.00456103 0.000263204
67 5.87537e+07 75474.5 0.999976 5.40802e-06 1e+06 5.95838 0.0525505 4.92629 0.0375897 0.00454726 0.000357442 0 0 876905 1125.24 5.87527e+07 75390 0.0418751 0.00152662 5.57722 1.65819 24867.3 1262.62 395.551 31.5731 61715.7 1390.14 86978.5 160.122 0.00443139 0.000221521
68 5.87727e+07 76819.3 0.999975 6.03622e-06 1e+06 6.30296 0.0515501 4.91987 0.035036 0.00443772 0.0003372 0 0 864287 1127.34 5.87715e+07 76663.5 0.0544804 0.00160192 5.28391 1.3537 25039.4 1095.51 380.286 29.2149 60268.7 1198.63 85688.3 132.793 0.00445519 0.000193897
69 5.87975e+07 74088.4 0.999976 7.91735e-06 1e+06 6.60552 0.0449398 4.92221 0.0400056 0.00443621 0.000312106 0 0 852122 1072.29 5.87964e+07 73990.1 0.066563 0.00124137 5.95297 1.77234 24906.9 1230.11 374.735 26.7214 59184.7 1353.43 84466.4 147.539 0.00442917 0.000217453
70 5.88133e+07 62940.1 0.999976 7.12708e-06 1e+06 6.87503 0.0425816 4.91399 0.0343312 0.00435581 0.000387152 0 0 840175 900.654 5.88122e+07 63035.9 0.0785299 0.00123829 5.36735 1.61765 25115.3 944.799 362.653 32.7567 57768.7 1049.03 83246.6 147.979 0.00446258 0.000164999
