#1-sta 2-avgThroughput 3-stdThroughput 4-JFI 5-stdJFI 6-Bandwidth 7-avgDelay 8-stdDelay 9-avgBackoffStage 10-stdBackoffStage 11-totalFractionOfCollisionSlots 12.stdCollidingSlots 13.avgThroughputDCF 14. stdThroughputDCF 15.avgThroughputECA 16.stdThroughputECA 17.Sum of 15 and 16 18. std of 17 19. AvgBlockingProb 20. StdBlockingProb 21. AvgDroppedPackets 22.StdDropped 23.SxSlots 24.stdSxSlots 25.ColSlots 26.StdColSlots 27.EmptySlots 28.stdEmpty 29.totalSlots 30.stdTotalSlots 31.averageTAU 32.stdTAU
2 2.70661e+07 822970 1 0 6.5e+07 0.60335 0.0151856 0.0204082 0.141392 1.2755e-08 8.83694e-08 0 0 1.3533e+07 411489 2.70661e+07 822972 0.790535 0.00631223 0 0 326316 18232.2 0.0204082 0.141392 995282 58417.4 1.3216e+06 40185.1 0.123724 0.00883685
3 2.99051e+07 2.17655e+06 1 0 6.5e+07 0.821301 0.0503224 0.14966 0.363039 1.97548e-07 4.54697e-07 0 0 9.96834e+06 725514 2.9905e+07 2.17652e+06 0.845369 0.0111297 0 0 335438 43425.3 0.22449 0.544558 638048 114282 973486 70858.7 0.116283 0.019668
4 3.29208e+07 2.9054e+06 1 0 6.5e+07 0.9968 0.083206 0.443878 0.482514 1.00117e-06 1.03597e-06 0 0 8.23017e+06 726336 3.29207e+07 2.90533e+06 0.872112 0.0111928 0 0 315377 54383.5 0.877551 0.961136 488372 125326 803750 70944 0.100246 0.024449
5 3.60701e+07 4.38099e+06 1 0 6.5e+07 1.14426 0.134594 0.828571 0.736234 2.6061e-06 2.18411e-06 0 0 7.214e+06 876188 3.607e+07 4.38093e+06 0.887754 0.013472 0 0 282385 79264.4 2.02041 1.83492 422132 164845 704519 85583.4 0.0840084 0.0317996
6 3.8699e+07 3.54369e+06 1 0 6.5e+07 1.27168 0.119243 1.12245 0.579091 5.01402e-06 2.27543e-06 0 0 6.44979e+06 590589 3.86987e+07 3.54354e+06 0.899503 0.00908617 0 0 253831 62468.4 3.28571 1.70234 376061 120158 629895 57692 0.0693036 0.0235409
7 4.18235e+07 3.61921e+06 1 0 6.5e+07 1.37086 0.122353 1.58601 0.673311 9.03428e-06 3.35168e-06 0 0 5.97475e+06 517009 4.18233e+07 3.61906e+06 0.906812 0.00795281 0 0 213057 62763.6 5.42857 2.42437 370463 113279 583526 50519.4 0.0539501 0.0207759
8 4.46333e+07 3.34104e+06 1 0 6.5e+07 1.46494 0.119352 1.99235 0.633064 1.38832e-05 3.85702e-06 0 0 5.57913e+06 417624 4.46331e+07 3.34099e+06 0.912901 0.00642872 0.0816327 0.565568 175853 57294.1 7.71429 2.54751 369053 98108.9 544913 40818 0.0416692 0.0178135
9 4.58485e+07 2.95054e+06 1 0 6.5e+07 1.60048 0.108198 2.13379 0.617205 1.81748e-05 4.67632e-06 0 0 5.09423e+06 327810 4.58481e+07 2.95029e+06 0.920361 0.00504621 0 0 164488 50078.7 9.18367 2.82607 333068 82126.9 497566 32051.9 0.0376601 0.0143917
10 4.68939e+07 2.44957e+06 1 0 6.5e+07 1.73474 0.0909817 2.23673 0.523214 2.31682e-05 4.71581e-06 0 0 4.68935e+06 244947 4.68935e+07 2.44947e+06 0.926591 0.00377043 0.0653061 0.452454 154475 41257.3 10.7143 2.71052 303545 65211.1 458030 23957.2 0.034301 0.0109234
11 4.8393e+07 2.43696e+06 1 2.00492e-07 6.5e+07 1.84762 0.0935255 2.47867 0.618425 2.97251e-05 7.28176e-06 0 0 4.39932e+06 221519 4.83925e+07 2.4367e+06 0.931054 0.0034106 0.0593692 0.411322 135722 40586.6 12.9184 3.82706 293994 62271.3 429729 21689 0.0292303 0.0101886
12 4.91503e+07 1.69768e+06 1 0 6.5e+07 1.98062 0.0706892 2.55442 0.395751 3.565e-05 5.15462e-06 0 0 4.09582e+06 141466 4.91498e+07 1.69759e+06 0.935725 0.00217121 0 0 128483 28128.1 14.3265 2.48578 271587 41972.9 400084 13847.7 0.0270126 0.007083
13 4.99358e+07 2.00431e+06 1 0 6.5e+07 2.11139 0.0878881 2.719 0.482153 4.33598e-05 7.02057e-06 0 0 3.84116e+06 154156 4.99351e+07 2.00403e+06 0.939642 0.0023738 0 0 120319 32986.6 16.3673 3.19881 254894 48072.4 375230 15089.4 0.0249989 0.00813623
14 5.0394e+07 2.09974e+06 1 1.43269e-07 6.5e+07 2.2518 0.0964513 2.75219 0.535127 4.98563e-05 9.0885e-06 0 0 3.59951e+06 149968 5.03932e+07 2.09955e+06 0.94336 0.00230834 0.0466471 0.323181 116799 34389 17.6531 3.82554 234816 49073.9 351633 14689 0.0240797 0.00830185
15 5.14988e+07 1.52809e+06 1 2.42925e-07 6.5e+07 2.35748 0.0717505 2.97959 0.401178 6.15267e-05 8.73488e-06 0 0 3.4332e+06 101852 5.1498e+07 1.52777e+06 0.945919 0.00156813 0.0435373 0.301636 102320 24823.1 20.7143 3.44638 233068 34797.2 335409 9977.59 0.0205171 0.0057473
16 5.17201e+07 1.31966e+06 1 2.42925e-07 6.5e+07 2.50143 0.0640907 2.98087 0.362285 6.88902e-05 9.0085e-06 0 0 3.23246e+06 82469.5 5.17193e+07 1.31952e+06 0.949008 0.00126788 0.0816327 0.395729 101833 21323.8 21.8163 3.34221 213955 29411.8 315809 8091.37 0.0202859 0.00481051
17 5.26346e+07 1.20597e+06 1 3.90174e-07 6.5e+07 2.60976 0.0601148 3.18247 0.337025 8.16598e-05 9.357e-06 0 0 3.0961e+06 70925.1 5.26336e+07 1.20572e+06 0.951105 0.00109137 0.0384153 0.266149 89909.7 19393.9 24.7551 3.27969 212577 26352.7 302511 6961.92 0.0175913 0.00424716
18 5.29629e+07 1.26841e+06 1 5.56419e-07 6.5e+07 2.74437 0.0656338 3.23356 0.372759 9.22663e-05 1.06144e-05 0 0 2.94232e+06 70455.3 5.29618e+07 1.26821e+06 0.95347 0.00108469 0.217687 0.582763 87174 20352.1 26.5918 3.61921 200306 27279.1 287506 6930.61 0.016962 0.004386
19 5.34312e+07 1.20705e+06 1 5.01443e-07 6.5e+07 2.86935 0.0643566 3.35016 0.393938 0.000104898 1.4086e-05 0 0 2.81212e+06 63513.2 5.34303e+07 1.20675e+06 0.955474 0.000975675 0.20623 0.648523 81955.2 19248 28.898 4.41355 192816 25495.2 274800 6251.31 0.0158015 0.00406448
20 5.37614e+07 1.14644e+06 0.999999 7.03214e-07 6.5e+07 2.99963 0.0639389 3.42959 0.366995 0.000119986 1.47884e-05 0 0 2.68801e+06 57305 5.37602e+07 1.1461e+06 0.957383 0.000881444 0.261224 0.591372 78739.7 18231.7 31.5918 4.45805 183922 23866.4 262693 5638.95 0.0150829 0.00384132
21 5.39193e+07 1.01906e+06 0.999999 6.16225e-07 6.5e+07 3.13785 0.0593352 3.43051 0.364179 0.000128152 1.59129e-05 0 0 2.56753e+06 48513.3 5.39182e+07 1.01878e+06 0.959237 0.000746424 0.124393 0.417226 78083.9 16152 32.2245 4.53227 172815 20935 250931 4787.37 0.0148967 0.003394
22 5.43021e+07 771248 0.999999 6.1414e-07 6.5e+07 3.26148 0.0458397 3.49536 0.276603 0.000143003 1.32629e-05 0 0 2.46823e+06 35049.3 5.4301e+07 771086 0.960765 0.000538397 0.296847 0.586226 73699.4 12188.2 34.5306 3.59763 167496 15639.4 241230 3454.26 0.0139378 0.00250364
23 5.46233e+07 866317 0.999999 7.44362e-07 6.5e+07 3.38759 0.0532364 3.58208 0.302991 0.000158791 1.757e-05 0 0 2.37488e+06 37655 5.46223e+07 866061 0.962201 0.000579095 0.198758 0.628527 70183.4 13707.9 36.9184 4.60628 161912 17431.4 232132 3727.87 0.0132061 0.00279341
24 5.4851e+07 807465 0.999999 6.46699e-07 6.5e+07 3.5177 0.0514074 3.6165 0.278044 0.000173341 1.80313e-05 0 0 2.28542e+06 33640.3 5.485e+07 807373 0.963578 0.000517574 0.190476 0.466568 68043.5 12728.7 38.7755 4.52325 155312 16055 223395 3330.57 0.0127464 0.00258458
25 5.51442e+07 764839 0.999999 8.93529e-07 6.5e+07 3.6423 0.049987 3.69714 0.288104 0.000190951 1.89665e-05 0 0 2.20572e+06 30580.9 5.51429e+07 764503 0.964804 0.000471416 0.182857 0.578245 64719.7 12052.3 41.2245 4.61703 150867 15088.8 215628 3040.73 0.0120576 0.00241763
26 5.52729e+07 726252 0.999999 1.06893e-06 6.5e+07 3.77644 0.0488755 3.70801 0.273505 0.000204795 2.11976e-05 0 0 2.12583e+06 27921.3 5.52717e+07 725957 0.966032 0.000429604 0.401884 0.628446 63929.5 11411 42.6122 4.9107 143853 14182.3 207825 2775.77 0.01188 0.0022731
27 5.53352e+07 636951 0.999999 8.57735e-07 6.5e+07 3.91429 0.0441979 3.70219 0.249291 0.00021678 1.8593e-05 0 0 2.04941e+06 23582 5.53341e+07 636711 0.967208 0.000363866 0.241875 0.585517 64079.2 9984.36 43.4694 4.14582 136241 12319.3 200363 2338.56 0.0118871 0.00197974
28 5.58277e+07 493668 0.999999 1.0672e-06 6.5e+07 4.02094 0.034981 3.84913 0.205007 0.000243134 1.95099e-05 0 0 1.9938e+06 17633.3 5.58263e+07 493746 0.968064 0.000271871 0.209913 0.442536 57450.2 7751.29 47.4286 4.15024 137462 9506.89 194959 1759.21 0.0105583 0.00151649
29 5.5856e+07 692720 0.999998 1.03609e-06 6.5e+07 4.15971 0.0511275 3.85081 0.266135 0.000257166 2.68581e-05 0 0 1.92601e+06 23878.9 5.58544e+07 692487 0.969107 0.000366886 0.247713 0.600892 57974.2 10855.7 48.4898 5.58103 130321 13232.6 188344 2381.91 0.0106625 0.00214317
30 5.59498e+07 563971 0.999998 9.66682e-07 6.5e+07 4.29269 0.0426776 3.86871 0.22692 0.000275851 2.36225e-05 0 0 1.86494e+06 18789.6 5.59483e+07 563666 0.970047 0.000288478 0.282993 0.600911 57426 8847.78 50.3469 4.76189 124900 10722.9 182377 1879.47 0.0105358 0.00173541
31 5.61216e+07 472869 0.999998 1.0606e-06 6.5e+07 4.41909 0.0367064 3.90323 0.212181 0.000293171 2.66728e-05 0 0 1.81033e+06 15255.1 5.61201e+07 472908 0.970887 0.000235724 0.294931 0.510836 55602.3 7421.24 51.9388 5.07257 121398 8945.8 177053 1528.9 0.010166 0.00144709
32 5.63529e+07 520216 0.999998 1.07611e-06 6.5e+07 4.54002 0.0408632 3.98406 0.226768 0.00031841 2.55367e-05 0 0 1.76098e+06 16249.8 5.63513e+07 519985 0.971646 0.00025086 0.367347 0.69087 52790.6 8147.21 54.8776 4.83876 119401 9777.92 172247 1634.85 0.00961654 0.00156093
33 5.65896e+07 451366 0.999998 1.07923e-06 6.5e+07 4.65922 0.0363404 4.05813 0.189473 0.000343877 2.65973e-05 0 0 1.71479e+06 13673.1 5.65882e+07 451205 0.972357 0.000210133 0.494743 0.623297 49870.9 7060.15 57.7143 4.84452 117820 8431.21 167749 1375.34 0.00904537 0.0013475
34 5.65054e+07 489597 0.999997 1.3002e-06 6.5e+07 4.80395 0.0408242 4.0102 0.213548 0.000360868 3.40497e-05 0 0 1.66187e+06 14398.3 5.65037e+07 489536 0.973171 0.000222491 0.460984 0.541915 51886.2 7689.87 58.7143 5.9966 110639 9140.25 162584 1455.97 0.00942547 0.00147866
35 5.66646e+07 555920 0.999997 1.31509e-06 6.5e+07 4.92815 0.0477012 4.06414 0.247235 0.000381702 3.70427e-05 0 0 1.61894e+06 15878.1 5.66629e+07 555737 0.973831 0.000245011 0.522449 0.761594 50076.2 8714.61 60.5102 6.36034 108257 10313.7 158394 1604.86 0.00907687 0.0016794
36 5.68469e+07 483866 0.999997 1.35931e-06 6.5e+07 5.04928 0.0420579 4.11735 0.211718 0.000407774 3.12873e-05 0 0 1.57904e+06 13438.7 5.68453e+07 483793 0.974445 0.000206469 0.61678 0.676817 47887.2 7564.18 63.0408 5.30675 106560 8926.48 154510 1367.1 0.00865 0.00143833
37 5.68261e+07 439204 0.999997 1.3807e-06 6.5e+07 5.18754 0.0393639 4.08108 0.197327 0.000421164 3.47951e-05 0 0 1.5358e+06 11862.8 5.68245e+07 438905 0.975111 0.000183046 0.370656 0.605279 48847.6 6875.12 63.3265 5.66546 101361 8073.78 150272 1203.99 0.00882437 0.00131541
38 5.70332e+07 455702 0.999997 1.37087e-06 6.5e+07 5.30502 0.0413327 4.16058 0.219804 0.000455877 3.88822e-05 0 0 1.50083e+06 11988.6 5.70316e+07 455555 0.975648 0.00018465 0.515574 0.584823 46156.2 7161.06 67 6.20401 100658 8374.25 146881 1218.84 0.00831066 0.00135004
39 5.70448e+07 473262 0.999996 1.70067e-06 6.5e+07 5.43958 0.0440827 4.17164 0.207741 0.000483227 4.15469e-05 0 0 1.46265e+06 12127.3 5.70432e+07 472985 0.976236 0.000186583 0.45212 0.575703 46486.9 7429.86 69.2245 6.46581 96607.3 8661.76 143163 1237.78 0.00836916 0.00140623
40 5.73082e+07 363853 0.999996 1.82148e-06 6.5e+07 5.54992 0.034373 4.2602 0.177059 0.000514305 4.23919e-05 0 0 1.43266e+06 9093.97 5.73064e+07 363762 0.976697 0.000140109 0.538776 0.613061 42900.4 5750.14 72.1633 6.34179 97276.5 6685.14 140249 940.676 0.00768684 0.00107703
41 5.72593e+07 372369 0.999996 1.5728e-06 6.5e+07 5.68923 0.0360307 4.22349 0.188948 0.000521824 4.12746e-05 0 0 1.39653e+06 9077.92 5.72576e+07 372191 0.977253 0.000139482 0.493779 0.681763 44223.2 5868.13 71.3673 6.06998 92407.4 6801.19 136702 938.658 0.0079303 0.00110097
42 5.74225e+07 322104 0.999995 1.91622e-06 6.5e+07 5.8076 0.031703 4.30564 0.159635 0.000573457 4.48961e-05 0 0 1.36716e+06 7664.06 5.74209e+07 321915 0.977705 0.000117023 0.621963 0.56919 42058.6 5065.43 76.7959 6.3663 91735.4 5849.29 133871 789.24 0.00752033 0.000944987
43 5.75077e+07 307687 0.999996 1.49305e-06 6.5e+07 5.93301 0.0309189 4.30944 0.157602 0.000585525 4.41589e-05 0 0 1.33735e+06 7150.22 5.75061e+07 307455 0.978164 0.000109893 0.455624 0.558849 41238.7 4842.87 76.6939 6.10521 89625.9 5569.23 130941 731.504 0.00736424 0.00090302
44 5.76384e+07 351031 0.999995 2.24568e-06 6.5e+07 6.05329 0.0358957 4.3692 0.184439 0.000641029 5.833e-05 0 0 1.30992e+06 7972.74 5.76366e+07 350801 0.978586 0.000122849 0.653062 0.7084 39530.2 5590.34 82.2857 7.95651 88684.8 6418.51 128297 835.802 0.00704626 0.00103816
45 5.75617e+07 348029 0.999995 2.4003e-06 6.5e+07 6.19436 0.0362972 4.32245 0.17214 0.00064634 5.36535e-05 0 0 1.27911e+06 7724.05 5.75598e+07 347576 0.97906 0.000118109 0.754648 0.563935 41204.7 5492.33 81 7.15713 83983.4 6291.86 125269 805.708 0.00735304 0.00102009
46 5.7695e+07 339106 0.999994 2.09243e-06 6.5e+07 6.3132 0.0360216 4.37489 0.171147 0.000684776 5.66538e-05 0 0 1.2542e+06 7368.05 5.76933e+07 338902 0.979443 0.000113844 0.724045 0.687931 39506.7 5363.24 84.1633 7.42128 83259.7 6126.83 122851 770.607 0.00703534 0.000993542
47 5.77591e+07 270879 0.999994 2.9297e-06 6.5e+07 6.43879 0.0291982 4.3921 0.14722 0.000720062 5.7352e-05 0 0 1.22888e+06 5758.86 5.77572e+07 270645 0.979832 8.8232e-05 0.750325 0.691123 38829.9 4348.98 86.7143 7.3011 81468 4955.92 120385 613.872 0.00690627 0.000800713
48 5.78674e+07 277826 0.999994 2.04023e-06 6.5e+07 6.55911 0.0304841 4.43537 0.13705 0.000751047 4.51714e-05 0 0 1.20553e+06 5785.95 5.78655e+07 277716 0.980191 8.90998e-05 0.748299 0.654759 37512.8 4387.71 88.7347 5.70991 80516.8 4992.12 118118 609.658 0.00666119 0.000807369
49 5.78812e+07 234174 0.999994 2.35966e-06 6.5e+07 6.68931 0.0261656 4.43065 0.12419 0.000787487 5.55884e-05 0 0 1.18121e+06 4773.42 5.78792e+07 233881 0.980566 7.31692e-05 0.733027 0.667985 37632.2 3742.1 91.1633 6.7653 78011.4 4250.23 115735 514.312 0.00668044 0.000688629
50 5.79613e+07 230005 0.999993 2.68863e-06 6.5e+07 6.81179 0.0261227 4.46163 0.118483 0.00082099 4.8773e-05 0 0 1.15918e+06 4594.16 5.79592e+07 229729 0.980904 7.13911e-05 0.888163 0.589928 36698.4 3626.06 93.2857 5.83445 76813.3 4110.76 113605 489.973 0.00650627 0.000665145
51 5.80322e+07 224765 0.999992 3.6146e-06 6.5e+07 6.93481 0.0259068 4.4898 0.128454 0.000866193 6.74983e-05 0 0 1.13785e+06 4404.97 5.80302e+07 224626 0.981233 6.78156e-05 0.742696 0.690526 35842.6 3619.36 96.6327 7.87321 75591.3 4091.3 111531 479.245 0.00634851 0.000661955
52 5.80508e+07 221481 0.999992 3.38514e-06 6.5e+07 7.06343 0.0260113 4.48862 0.127262 0.000879897 6.13203e-05 0 0 1.11632e+06 4257.39 5.80488e+07 221396 0.981564 6.59971e-05 0.728415 0.773162 35908.3 3566.17 96.3061 7.06588 73420 4030.07 109425 470.592 0.00635815 0.000652795
53 5.8106e+07 215509 0.999992 4.01286e-06 6.5e+07 7.18749 0.0256063 4.51251 0.126848 0.000929221 8.03971e-05 0 0 1.0963e+06 4065.22 5.81038e+07 215441 0.981872 6.34793e-05 0.566808 0.71552 35299.7 3524.59 99.898 9.01302 72073.9 3971.41 107474 455.616 0.0062459 0.000642184
54 5.81618e+07 223837 0.999991 2.75739e-06 6.5e+07 7.31101 0.0271003 4.52683 0.121696 0.000970309 5.81195e-05 0 0 1.07703e+06 4139.95 5.81599e+07 223552 0.982168 6.37131e-05 0.943312 0.811272 34691.2 3566.3 102.49 6.48427 70810.6 4013.06 105604 452.96 0.00613343 0.000650904
55 5.82506e+07 235407 0.99999 3.39044e-06 6.5e+07 7.43013 0.0289641 4.56772 0.13637 0.00102792 7.64903e-05 0 0 1.05906e+06 4276.87 5.82485e+07 235232 0.982444 6.6778e-05 0.961782 0.72983 33516.6 3821.33 106.796 8.33723 70242.8 4287.54 103866 473.884 0.00591905 0.000696582
56 5.82249e+07 236184 0.99999 3.43757e-06 6.5e+07 7.56293 0.0294923 4.54665 0.136704 0.00104622 8.11059e-05 0 0 1.0397e+06 4211.47 5.82229e+07 235819 0.982742 6.48113e-05 1.04956 0.676586 34192.5 3825.84 106.714 8.69436 67669.3 4285.83 101969 468.333 0.00604052 0.000696905
57 5.82742e+07 199296 0.99999 3.27889e-06 6.5e+07 7.6861 0.0252608 4.56642 0.120561 0.00108377 7.18895e-05 0 0 1.02232e+06 3493.1 5.8272e+07 199132 0.98301 5.39133e-05 1.05406 0.667475 33688.3 3231.35 108.694 7.55714 66474.1 3613.1 100271 388.94 0.00594671 0.000587094
58 5.83225e+07 181027 0.999989 4.09867e-06 6.5e+07 7.80901 0.0232372 4.58339 0.102822 0.00112346 7.46276e-05 0 0 1.00553e+06 3123.07 5.83207e+07 181117 0.983268 4.77028e-05 0.957072 0.628326 33170.5 2943.33 110.837 7.67808 65356.8 3287.3 98638.2 350.799 0.00585132 0.000533461
59 5.83363e+07 175481 0.999989 4.41129e-06 6.5e+07 7.93613 0.0228234 4.58284 0.107732 0.00115556 8.83112e-05 0 0 988713 2974.92 5.83341e+07 175524 0.983527 4.54789e-05 1.01833 0.698477 33174 2933.5 112.102 8.92199 63702.5 3273.78 96988.6 348.754 0.00585147 0.000531058
60 5.84422e+07 169361 0.999988 4.28698e-06 6.5e+07 8.05078 0.0224053 4.63503 0.101421 0.00122283 7.63958e-05 0 0 973998 2822.59 5.84399e+07 169356 0.983753 4.40769e-05 1.06667 0.698297 31665.7 2743.96 116.898 7.61107 63797.8 3060.2 95580.3 323.623 0.00557759 0.000496789
61 5.84473e+07 197407 0.999988 3.68817e-06 6.5e+07 8.17833 0.0265011 4.62964 0.121911 0.00125294 8.82603e-05 0 0 958120 3234.08 5.84453e+07 197286 0.983997 5.00628e-05 1.07059 0.820663 31823 3252.42 117.837 8.68578 62084.6 3609.96 94025.4 366.223 0.0056056 0.000588349
62 5.84492e+07 162831 0.999988 4.47443e-06 6.5e+07 8.30612 0.0220629 4.62673 0.0978648 0.00129822 9.21096e-05 0 0 942694 2623.03 5.8447e+07 162623 0.984235 4.02601e-05 1.08493 0.795802 31954.7 2711.33 120.143 8.841 60452.3 3006.98 92527.2 303.717 0.00562796 0.000488806
63 5.84983e+07 198439 0.999984 6.10749e-06 6.5e+07 8.42725 0.0272867 4.65079 0.131206 0.00135043 0.000120162 0 0 928511 3145.1 5.84962e+07 198146 0.984453 4.86811e-05 1.1921 0.669394 31333.4 3344.88 123.143 11.4035 59701.6 3712.46 91158.2 378.659 0.00551618 0.000602989
64 5.85806e+07 120752 0.999985 4.94055e-06 6.5e+07 8.54326 0.016792 4.69037 0.0845668 0.00140633 8.59735e-05 0 0 915288 1884.91 5.85784e+07 120625 0.984656 2.90975e-05 1.38776 0.723267 30224.6 2036.26 126.408 7.99213 59522.5 2258 89873.4 230.019 0.00531474 0.000365782
65 5.85977e+07 153727 0.999984 4.70227e-06 6.5e+07 8.66811 0.02166 4.69764 0.0955749 0.00146634 9.82033e-05 0 0 901467 2363.55 5.85954e+07 153620 0.984869 3.64266e-05 1.27598 0.819685 30065.3 2536.15 129.837 8.99738 58336.2 2803.54 88531.4 274.912 0.00528656 0.00045447
66 5.86047e+07 172128 0.999984 6.08842e-06 6.5e+07 8.79408 0.0245808 4.69697 0.10299 0.00149096 0.000110765 0 0 887916 2604.49 5.86024e+07 171895 0.985077 4.02508e-05 1.19728 0.612523 30150.7 2838.32 130.041 10.0101 56921.2 3126.95 87201.9 297.502 0.00530169 0.000509902
67 5.86757e+07 132102 0.999983 6.90373e-06 6.5e+07 8.91052 0.0190641 4.72617 0.0908906 0.00155359 0.000112453 0 0 875725 1970.92 5.86735e+07 132043 0.985265 3.09447e-05 1.43284 0.935526 29190.1 2280.24 133.673 10.0008 56702.7 2519.21 86026.4 248.438 0.00512842 0.000407831
68 5.86294e+07 131171 0.999983 5.75923e-06 6.5e+07 9.04371 0.0191794 4.69358 0.0841566 0.00156422 0.000102624 0 0 862164 1927.06 5.86271e+07 131032 0.985474 2.99972e-05 1.20048 0.705473 30149.3 2215.15 132.49 8.9878 54405.7 2442.51 84687.5 236.126 0.00529934 0.000397297
69 5.86773e+07 149471 0.999981 6.75797e-06 6.5e+07 9.16296 0.022131 4.7205 0.0943335 0.00162553 0.000110251 0 0 850363 2162.07 5.86751e+07 149188 0.985655 3.30605e-05 1.33451 0.698848 29504.3 2480.79 135.837 9.53478 53910.4 2726.89 83550.6 255.179 0.00518373 0.000444321
70 5.87345e+07 103344 0.99998 6.3477e-06 6.5e+07 9.28044 0.0154147 4.75189 0.070264 0.00170056 0.000123339 0 0 839029 1475.87 5.8732e+07 103306 0.985829 2.30386e-05 1.45539 0.813963 28647.7 1810.84 140.265 10.4389 53681.9 2002.96 82469.9 202.144 0.00502981 0.000323535
